Throughput: 338.64538357596183
AverageTotalTimeBreakdownReport
thread_id	 total_time	 stream_process	 txn_process	 overheads
0	70789.57  	6388.08   	39163.66  	25237.83  
1	70860.07  	6256.94   	39605.52  	24997.62  
2	70761.83  	6269.52   	39402.98  	25089.33  
3	70862.79  	6401.93   	39273.45  	25187.41  
4	70862.45  	6234.86   	39313.93  	25313.66  
5	70719.54  	6421.78   	39306.03  	24991.73  
6	70780.25  	6416.46   	39078.55  	25285.24  
7	70420.91  	6215.38   	38922.10  	25283.43  
8	70847.65  	6351.68   	39597.81  	24898.17  
9	70811.62  	6230.04   	39627.69  	24953.90  
10	70824.59  	6264.78   	39446.79  	25113.02  
11	70800.81  	6393.58   	39335.71  	25071.53  
12	70810.23  	6568.20   	39214.55  	25027.48  
13	70790.25  	6058.68   	39563.34  	25168.23  
14	70560.37  	6328.60   	38875.51  	25356.26  
15	70776.04  	6262.40   	38611.51  	25902.13  
16	70757.51  	6577.01   	39177.61  	25002.90  
17	70738.98  	6215.91   	39221.14  	25301.93  
18	69703.06  	6322.97   	38215.29  	25164.80  
19	70361.85  	6175.88   	39130.49  	25055.48  
20	69537.26  	6150.08   	39188.83  	24198.35  
21	70604.27  	6247.12   	39056.13  	25301.02  
22	70602.08  	6382.79   	38918.74  	25300.56  
23	70487.77  	6474.82   	38197.10  	25815.85  
phase_id	 throughput
0	339.8163  	
SchedulerTimeBreakdownReport
thread_id	 explore_time	 next_time	 useful_time	 notify_time	 construct_time	 first_explore_time	 scheduler_switch
0	13633.80  	45.84     	17879.78  	70.74     	12005.58  	4448.22   	0.00      	
1	14586.13  	47.73     	17605.57  	75.94     	11727.09  	4174.80   	0.00      	
2	14247.11  	42.82     	17530.58  	184.18    	12140.61  	4382.18   	0.00      	
3	14020.70  	44.81     	17381.24  	268.27    	11919.05  	4093.88   	0.00      	
4	14572.04  	52.57     	17253.68  	295.90    	12040.72  	4231.46   	0.00      	
5	14110.10  	39.68     	17551.15  	280.06    	11831.18  	3971.17   	0.00      	
6	13602.29  	41.30     	17863.56  	67.36     	12231.81  	4192.65   	0.00      	
7	13840.66  	38.65     	17483.97  	264.27    	11997.43  	4400.47   	0.00      	
8	14145.88  	41.99     	17808.20  	70.16     	11887.76  	4129.89   	0.00      	
9	14163.75  	40.60     	17779.34  	69.43     	11904.23  	4272.87   	0.00      	
10	14282.01  	39.37     	17523.27  	276.92    	11844.01  	4100.00   	0.00      	
11	14227.93  	38.48     	17685.22  	184.03    	12010.46  	4554.75   	0.00      	
12	13634.94  	46.42     	17792.16  	69.59     	11827.93  	4322.20   	0.00      	
13	14091.62  	44.47     	17613.48  	70.37     	12231.30  	4215.93   	0.00      	
14	13824.12  	34.98     	17495.11  	271.44    	12221.54  	4543.75   	0.00      	
15	13400.69  	46.05     	17539.40  	282.00    	12147.40  	4007.43   	0.00      	
16	14076.19  	41.43     	17503.95  	181.93    	12033.78  	4372.95   	0.00      	
17	14136.97  	40.72     	17641.85  	172.60    	12184.14  	4075.36   	0.00      	
18	12969.62  	47.66     	17660.98  	167.51    	12481.25  	4099.53   	0.00      	
19	13745.09  	39.52     	17684.46  	166.65    	12150.15  	4482.52   	0.00      	
20	14184.01  	99.44     	17358.53  	280.83    	12040.95  	4389.67   	0.00      	
21	13894.12  	41.69     	17555.51  	135.82    	12358.41  	3900.51   	0.00      	
22	13551.60  	37.58     	17912.98  	67.46     	12186.45  	4273.17   	0.00      	
23	12840.30  	51.65     	17785.49  	74.61     	12411.90  	4089.35   	0.00      	
