Throughput: 62.01079409304599
AverageTotalTimeBreakdownReport
thread_id	 total_time	 stream_process	 txn_process	 overheads
0	387023.91 	187.34    	213974.35 	172862.22 
1	387032.60 	189.07    	213923.29 	172920.24 
2	387016.83 	195.68    	213905.51 	172915.65 
3	387031.59 	191.79    	213882.56 	172957.23 
4	387031.68 	188.02    	213915.53 	172928.13 
5	387033.34 	203.84    	213891.42 	172938.08 
6	387033.46 	190.96    	213913.09 	172929.41 
7	387031.41 	193.95    	213885.40 	172952.06 
8	387032.95 	190.16    	213871.51 	172971.27 
9	387031.84 	185.73    	213879.07 	172967.04 
10	387029.75 	189.86    	213891.51 	172948.38 
11	387029.42 	184.71    	213827.91 	173016.79 
12	387026.96 	191.22    	213830.57 	173005.17 
13	387026.82 	178.66    	213800.55 	173047.62 
14	387025.78 	181.46    	213840.61 	173003.71 
15	387024.93 	183.61    	213828.25 	173013.06 
16	387022.59 	195.64    	213854.06 	172972.89 
17	387022.98 	186.35    	213847.50 	172989.12 
18	387005.94 	188.65    	213839.32 	172977.98 
19	387009.47 	190.49    	213872.84 	172946.15 
20	387019.17 	185.38    	213908.36 	172925.44 
21	387017.81 	205.18    	213905.42 	172907.20 
22	387019.53 	186.40    	213882.38 	172950.76 
23	387018.10 	202.56    	213844.06 	172971.47 
phase_id	 throughput
0	95.1203   	
1	101.1397  	
2	101.2130  	
3	103.8235  	
4	101.2869  	
5	91.4815   	
6	74.4842   	
7	48.1142   	
8	43.3203   	
9	38.1652   	
10	42.3293   	
11	43.9231   	
12	52.5331   	
TransactionBreakdownRatioReport
thread_id	 index_ratio	 useful_ratio	 sync_ratio	 lock_ratio
0	197.62    	19903.41  	192284.91 	18729.38  	
1	203.28    	19890.35  	192230.22 	18517.43  	
2	204.21    	19875.42  	192255.63 	18533.81  	
3	203.01    	19871.16  	192163.34 	18557.14  	
4	201.23    	19883.82  	192160.53 	18602.83  	
5	202.75    	19907.28  	192103.08 	18553.68  	
6	201.01    	19893.40  	192165.25 	18605.53  	
7	198.10    	19909.41  	192136.41 	18608.52  	
8	197.50    	19876.73  	192166.12 	18535.29  	
9	196.55    	19837.13  	192221.33 	18609.25  	
10	200.34    	19869.85  	192200.59 	18535.75  	
11	195.64    	19902.33  	192062.37 	18591.14  	
12	193.75    	19880.28  	192071.41 	18593.62  	
13	192.49    	19893.41  	192050.15 	18566.29  	
14	190.11    	19843.57  	192177.33 	18595.89  	
15	188.73    	19830.21  	192210.40 	18570.47  	
16	193.51    	19913.42  	192136.93 	18489.44  	
17	192.26    	19887.41  	192113.74 	18597.60  	
18	192.75    	19884.05  	192115.19 	18575.62  	
19	190.81    	19917.21  	192113.92 	18572.79  	
20	191.34    	19894.58  	192144.87 	18620.07  	
21	194.13    	19852.88  	192226.81 	18538.69  	
22	196.67    	19873.75  	192172.16 	18550.41  	
23	198.93    	19940.13  	192059.23 	18555.01  	
