Throughput: 829.2894456887166
AverageTotalTimeBreakdownReport
thread_id	 total_time	 stream_process	 txn_process	 overheads
0	28863.27  	721.79    	22327.96  	5813.53   
1	28657.54  	653.65    	22040.08  	5963.81   
2	28657.53  	653.08    	22185.10  	5819.35   
3	28843.21  	811.02    	22162.04  	5870.15   
4	28667.02  	611.35    	22850.43  	5205.24   
5	28812.38  	790.49    	22759.40  	5262.50   
6	28824.34  	835.26    	22113.95  	5875.13   
7	28828.86  	808.01    	22238.26  	5782.59   
8	28653.71  	693.23    	22325.30  	5635.19   
9	28657.51  	660.96    	21647.11  	6349.45   
10	28613.17  	646.58    	22146.17  	5820.42   
11	28901.92  	557.96    	22944.69  	5399.26   
12	28657.35  	404.00    	22785.31  	5468.04   
13	28833.96  	818.22    	22697.90  	5317.85   
14	28857.34  	750.18    	22800.51  	5306.66   
15	28914.20  	531.80    	23283.50  	5098.90   
16	28861.48  	778.23    	22925.76  	5157.49   
17	28874.04  	544.15    	23115.42  	5214.47   
18	28768.72  	778.31    	22930.54  	5059.87   
19	28631.42  	574.94    	22211.88  	5844.61   
20	28595.46  	629.82    	22889.10  	5076.55   
21	28761.72  	799.56    	22466.40  	5495.77   
22	28618.40  	455.33    	22786.02  	5377.05   
23	28784.09  	739.74    	22605.64  	5438.72   
phase_id	 throughput
0	834.6258  	
SchedulerTimeBreakdownReport
thread_id	 explore_time	 next_time	 useful_time	 notify_time	 construct_time	 first_explore_time	 scheduler_switch
0	6556.21   	106.04    	14490.11  	458.20    	4091.82   	2218.27   	0.00      	
1	6498.52   	101.54    	14407.63  	454.78    	4184.04   	2206.91   	0.00      	
2	18556.13  	116.75    	2489.79   	465.65    	4037.54   	2198.88   	0.00      	
3	6377.96   	89.98     	14594.61  	476.87    	4088.44   	2198.62   	0.00      	
4	19170.27  	99.95     	2480.31   	442.37    	3608.60   	2216.11   	0.00      	
5	7144.10   	100.08    	14459.65  	460.70    	3610.50   	2210.92   	0.00      	
6	6344.75   	91.42     	14628.29  	479.25    	4072.42   	2234.86   	0.00      	
7	18372.45  	84.72     	2699.15   	479.11    	4002.68   	2205.24   	0.00      	
8	18730.93  	92.48     	2510.91   	460.81    	3827.21   	2195.93   	0.00      	
9	6137.00   	92.27     	14379.41  	472.40    	4543.24   	2230.28   	0.00      	
10	18349.10  	101.22    	2675.82   	464.02    	4005.79   	2206.28   	0.00      	
11	18934.71  	98.78     	2515.40   	484.43    	3683.65   	2204.93   	0.00      	
12	18866.59  	96.96     	2509.55   	472.08    	3716.11   	2201.47   	0.00      	
13	7098.33   	87.44     	14450.99  	457.38    	3637.80   	2214.03   	0.00      	
14	18990.61  	96.48     	2541.56   	460.77    	3633.85   	2211.53   	0.00      	
15	19207.35  	95.26     	2574.98   	457.77    	3548.77   	2241.42   	0.00      	
16	7281.95   	98.92     	14417.30  	467.30    	3570.76   	2225.63   	0.00      	
17	19037.20  	98.61     	2569.67   	470.06    	3576.37   	2230.48   	0.00      	
18	7351.98   	95.01     	14427.61  	479.32    	3541.58   	2246.19   	0.00      	
19	18425.59  	99.64     	2521.34   	462.52    	4074.60   	2204.77   	0.00      	
20	7358.48   	105.40    	14395.82  	457.88    	3545.00   	2220.55   	0.00      	
21	6899.88   	97.44     	14419.39  	458.50    	3743.12   	2205.46   	0.00      	
22	18860.92  	96.64     	2551.41   	466.26    	3648.79   	2211.19   	0.00      	
23	18799.26  	95.97     	2571.48   	426.88    	3711.56   	2209.25   	0.00      	
