Throughput: 76.5759013811632
AverageTotalTimeBreakdownReport
thread_id	 total_time	 stream_process	 txn_process	 overheads
0	313409.67 	192.38    	220181.92 	93035.38  
1	313449.03 	207.23    	220102.71 	93139.09  
2	313449.26 	249.53    	220116.36 	93083.37  
3	313447.61 	208.11    	220093.19 	93146.30  
4	313447.57 	205.04    	220114.59 	93127.95  
5	313448.91 	211.04    	220130.86 	93107.02  
6	313449.25 	212.22    	220040.96 	93196.08  
7	313447.57 	253.34    	220066.59 	93127.65  
8	313448.94 	215.14    	220057.35 	93176.45  
9	313448.33 	211.75    	220070.85 	93165.72  
10	313445.88 	214.65    	220068.88 	93162.35  
11	313443.20 	247.09    	220082.08 	93114.04  
12	313443.35 	251.65    	220079.63 	93112.07  
13	313442.52 	202.46    	220047.38 	93192.68  
14	313442.49 	243.13    	220098.89 	93100.47  
15	313442.28 	209.81    	220052.16 	93180.31  
16	313439.96 	205.91    	220069.86 	93164.19  
17	313440.83 	213.97    	220070.67 	93156.19  
18	313440.14 	215.52    	220070.57 	93154.05  
19	313439.34 	212.48    	220095.82 	93131.04  
20	313437.52 	219.92    	220081.40 	93136.21  
21	313437.84 	217.70    	220100.19 	93119.95  
22	313437.63 	228.25    	220128.35 	93081.02  
23	313436.84 	227.71    	220095.39 	93113.73  
phase_id	 throughput
0	136.3383  	
1	136.7472  	
2	147.0227  	
3	146.1782  	
4	141.1309  	
5	118.4470  	
6	91.7785   	
7	53.6004   	
8	45.1354   	
9	42.2883   	
10	49.9780   	
11	58.9822   	
12	73.2883   	
TransactionBreakdownRatioReport
thread_id	 index_ratio	 useful_ratio	 sync_ratio	 lock_ratio
0	188.02    	20208.25  	198399.22 	19065.28  	
1	193.72    	20223.32  	198223.91 	18829.21  	
2	200.02    	20202.74  	198303.32 	18880.99  	
3	203.73    	20201.34  	198211.33 	18928.09  	
4	207.27    	20194.21  	198307.39 	18891.47  	
5	207.35    	20245.47  	198280.20 	18888.90  	
6	206.75    	20221.84  	198105.18 	18910.65  	
7	199.38    	20232.48  	198144.58 	18900.70  	
8	199.27    	20203.30  	198161.20 	18868.42  	
9	193.23    	20171.70  	198290.39 	18946.47  	
10	197.85    	20199.90  	198254.62 	18877.72  	
11	203.75    	20233.92  	198134.84 	18933.85  	
12	204.53    	20216.64  	198153.97 	18924.36  	
13	188.98    	20205.19  	198171.80 	18890.89  	
14	191.89    	20161.20  	198273.42 	18942.30  	
15	197.87    	20160.68  	198290.05 	18925.35  	
16	201.87    	20243.40  	198123.33 	18844.19  	
17	204.87    	20209.14  	198161.93 	18956.82  	
18	201.25    	20245.84  	198147.54 	18942.64  	
19	190.58    	20227.07  	198180.02 	18934.72  	
20	188.92    	20223.72  	198145.29 	18929.73  	
21	191.67    	20178.67  	198247.37 	18929.06  	
22	196.48    	20207.32  	198238.45 	18893.39  	
23	199.02    	20256.99  	198178.58 	18897.91  	
