Throughput: 61.335807878245696
AverageTotalTimeBreakdownReport
thread_id	 total_time	 stream_process	 txn_process	 overheads
0	391284.43 	202.89    	214991.99 	176089.55 
1	391355.84 	214.66    	214922.42 	176218.75 
2	391355.80 	206.56    	214928.38 	176220.85 
3	391354.36 	208.93    	214937.44 	176207.99 
4	391354.55 	217.63    	214924.08 	176212.84 
5	391356.10 	269.59    	214908.88 	176177.64 
6	391356.14 	279.80    	214904.04 	176172.30 
7	391354.90 	225.90    	214857.02 	176271.98 
8	391355.53 	210.49    	214909.59 	176235.44 
9	391356.32 	224.03    	214886.10 	176246.19 
10	391354.83 	218.68    	214880.28 	176255.87 
11	391355.10 	224.73    	214826.67 	176303.70 
12	391347.53 	229.37    	214844.47 	176273.69 
13	391356.08 	216.86    	214874.68 	176264.55 
14	391356.36 	209.05    	214884.10 	176263.20 
15	391354.99 	261.56    	214857.81 	176235.61 
16	391353.05 	227.35    	214890.04 	176235.66 
17	391354.29 	219.24    	214883.49 	176251.57 
18	391350.85 	223.91    	214869.80 	176257.15 
19	391349.62 	219.59    	214894.41 	176235.61 
20	391348.63 	224.39    	214901.98 	176222.26 
21	391348.90 	222.63    	214926.58 	176199.69 
22	391350.07 	249.36    	214940.79 	176159.92 
23	391348.44 	222.02    	214941.91 	176184.51 
phase_id	 throughput
0	95.2879   	
1	102.0498  	
2	101.2404  	
3	102.1938  	
4	97.8999   	
5	83.9028   	
6	73.1415   	
7	47.6032   	
8	43.2590   	
9	37.2338   	
10	39.9511   	
11	45.7984   	
12	54.4259   	
TransactionBreakdownRatioReport
thread_id	 index_ratio	 useful_ratio	 sync_ratio	 lock_ratio
0	193.50    	19888.27  	193227.21 	18610.84  	
1	196.47    	19890.89  	193133.15 	18506.13  	
2	197.60    	19879.49  	193153.24 	18526.00  	
3	201.68    	19864.45  	193186.30 	18549.64  	
4	202.81    	19877.64  	193184.82 	18549.36  	
5	198.69    	19900.10  	193140.18 	18509.43  	
6	200.21    	19884.13  	193118.38 	18534.05  	
7	196.70    	19906.25  	193060.21 	18539.29  	
8	192.76    	19868.46  	193190.23 	18493.02  	
9	193.48    	19832.28  	193202.69 	18570.09  	
10	189.67    	19862.69  	193174.60 	18475.87  	
11	197.97    	19893.35  	193058.06 	18579.74  	
12	196.24    	19923.66  	193034.70 	18540.46  	
13	196.19    	19969.97  	193015.93 	18557.93  	
14	191.29    	19849.84  	193159.33 	18637.18  	
15	192.47    	19841.87  	193163.47 	18539.40  	
16	191.36    	19913.14  	193118.58 	18461.48  	
17	195.43    	19869.65  	193109.32 	18568.71  	
18	199.95    	19875.58  	193100.29 	18548.60  	
19	193.97    	19908.36  	193104.32 	18585.53  	
20	194.08    	19892.75  	193147.21 	18578.75  	
21	194.31    	19847.70  	193215.70 	18520.97  	
22	199.73    	19862.81  	193206.19 	18531.13  	
23	201.96    	19930.58  	193111.85 	18509.99  	
