Throughput: 156.45942417575256
AverageTotalTimeBreakdownReport
thread_id	 total_time	 stream_process	 txn_process	 overheads
0	153343.17 	3555.66   	126005.65 	23781.87  
1	153339.17 	3242.78   	126393.97 	23702.42  
2	153310.52 	3253.38   	126398.32 	23658.81  
3	153180.89 	3357.59   	126099.15 	23724.15  
4	153232.86 	3298.05   	126400.71 	23534.10  
5	153223.83 	3367.73   	126132.91 	23723.20  
6	153367.53 	3534.93   	125976.54 	23856.06  
7	153360.48 	3529.31   	125994.54 	23836.62  
8	153313.91 	3359.52   	126140.57 	23813.82  
9	153162.03 	3220.44   	126402.97 	23538.62  
10	153283.17 	3276.96   	126057.53 	23948.67  
11	153189.07 	3322.53   	126255.38 	23611.17  
12	153332.54 	3252.49   	126089.99 	23990.06  
13	153152.06 	3242.20   	126530.10 	23379.76  
14	153276.53 	3341.61   	126213.58 	23721.34  
15	152826.75 	3204.55   	126545.18 	23077.02  
16	153312.61 	3188.99   	126354.21 	23769.40  
17	153200.25 	3207.09   	126583.26 	23409.90  
18	153318.42 	3463.25   	125940.53 	23914.65  
19	153288.00 	3552.65   	125996.30 	23739.05  
20	153272.83 	3447.20   	126261.36 	23564.27  
21	153165.41 	3255.19   	126616.45 	23293.77  
22	153174.20 	3231.81   	126359.16 	23583.23  
23	153263.48 	3575.43   	126222.94 	23465.12  
phase_id	 throughput
0	156.6116  	
SchedulerTimeBreakdownReport
thread_id	 explore_time	 next_time	 useful_time	 notify_time	 construct_time	 first_explore_time	 scheduler_switch
0	37442.82  	11028.89  	83578.82  	157.51    	18041.49  	4215.89   	0.00      	
1	39781.67  	11745.33  	81636.47  	108.51    	17811.42  	4311.85   	0.00      	
2	39119.76  	11491.81  	82298.20  	137.56    	17864.58  	4270.62   	0.00      	
3	40809.75  	12450.95  	80428.34  	168.72    	17935.15  	4173.91   	0.00      	
4	40784.52  	11161.23  	80640.10  	136.30    	17914.18  	4274.00   	0.00      	
5	38347.84  	9102.37   	82933.52  	216.95    	18010.72  	4191.41   	0.00      	
6	37696.05  	7563.04   	83341.13  	183.26    	18147.90  	4168.53   	0.00      	
7	38796.41  	5198.21   	82255.37  	125.78    	18172.12  	4170.19   	0.00      	
8	38509.82  	4810.28   	82779.62  	159.67    	17943.05  	4198.05   	0.00      	
9	39760.58  	5276.02   	81649.51  	138.75    	17799.68  	4274.26   	0.00      	
10	39096.39  	5411.49   	82038.49  	95.88     	18122.76  	4177.34   	0.00      	
11	40680.23  	7466.23   	80676.46  	98.26     	17941.05  	4244.58   	0.00      	
12	38478.84  	6458.72   	82649.66  	181.90    	18151.37  	4167.77   	0.00      	
13	40225.87  	6856.80   	81346.21  	126.00    	17663.33  	4292.18   	0.00      	
14	39823.03  	7043.59   	81532.56  	129.77    	17939.54  	4194.22   	0.00      	
15	39402.02  	7090.58   	82145.60  	137.02    	17730.79  	4313.42   	0.00      	
16	38724.35  	7116.68   	82637.81  	165.62    	17885.06  	4266.56   	0.00      	
17	39239.09  	8396.18   	82369.66  	132.42    	17847.23  	4305.74   	0.00      	
18	40011.60  	8826.94   	80924.52  	152.67    	18152.84  	4293.31   	0.00      	
19	39623.80  	8967.52   	81537.83  	187.68    	18035.95  	4162.65   	0.00      	
20	38934.32  	8848.20   	82341.31  	165.95    	17926.74  	4189.12   	0.00      	
21	38749.65  	9811.23   	82855.31  	171.99    	17666.04  	4316.30   	0.00      	
22	39528.94  	11872.03  	81848.41  	135.31    	17958.80  	4297.50   	0.00      	
23	38999.03  	12683.25  	82364.07  	140.73    	17944.81  	4273.38   	0.00      	
