Throughput: 372.4366271709868
AverageTotalTimeBreakdownReport
thread_id	 total_time	 stream_process	 txn_process	 overheads
0	64275.33  	4963.78   	38464.52  	20847.03  
1	63625.32  	4991.14   	38581.35  	20052.83  
2	64370.08  	5007.54   	38603.09  	20759.46  
3	64375.81  	5009.48   	38647.74  	20718.59  
4	63169.01  	4511.91   	38558.61  	20098.49  
5	63598.70  	4937.88   	38433.31  	20227.51  
6	63380.16  	4379.85   	38476.13  	20524.18  
7	63161.03  	4504.57   	38248.62  	20407.84  
8	64365.02  	5050.62   	38554.22  	20760.19  
9	64385.94  	4864.46   	39551.27  	19970.21  
10	63996.83  	4947.01   	38762.14  	20287.67  
11	64348.81  	4990.80   	39386.27  	19971.74  
12	64348.31  	4980.89   	38545.49  	20821.94  
13	64353.33  	5010.96   	38691.50  	20650.88  
14	64354.71  	4963.45   	38632.88  	20758.38  
15	64324.60  	4954.40   	39038.02  	20332.18  
16	63350.30  	4475.82   	38328.97  	20545.50  
17	63554.90  	4882.90   	39166.48  	19505.53  
18	64272.91  	5042.18   	37626.06  	21604.67  
19	64227.01  	4979.55   	37773.53  	21473.94  
20	64295.80  	5059.25   	38853.34  	20383.21  
21	63237.20  	4505.39   	39096.43  	19635.37  
22	63222.92  	4488.58   	39067.80  	19666.54  
23	64256.09  	5004.85   	38586.28  	20664.96  
phase_id	 throughput
0	375.3015  	
SchedulerTimeBreakdownReport
thread_id	 explore_time	 next_time	 useful_time	 notify_time	 construct_time	 first_explore_time	 scheduler_switch
0	29269.23  	745.50    	4280.70   	199.02    	15554.41  	7241.45   	0.00      	
1	29310.76  	689.90    	4338.15   	237.61    	15466.52  	7235.63   	0.00      	
2	29412.80  	759.77    	4275.86   	240.26    	15471.86  	7261.47   	0.00      	
3	29680.94  	871.41    	4039.84   	216.08    	15517.61  	7256.80   	0.00      	
4	29777.82  	848.17    	3836.40   	176.52    	15430.77  	7215.59   	0.00      	
5	29275.71  	613.78    	4213.42   	303.02    	15634.96  	7248.39   	0.00      	
6	28842.44  	2651.81   	4522.90   	218.06    	15691.21  	7217.62   	0.00      	
7	29419.94  	764.56    	3912.54   	225.59    	15872.23  	7207.85   	0.00      	
8	29596.63  	628.49    	4048.10   	261.46    	15459.49  	7245.83   	0.00      	
9	29916.19  	2481.95   	4467.13   	252.84    	14999.68  	7370.22   	0.00      	
10	29793.79  	567.52    	4017.50   	233.17    	15463.54  	7279.53   	0.00      	
11	30490.88  	614.22    	3960.67   	228.57    	15012.86  	7386.66   	0.00      	
12	29568.07  	600.72    	4067.42   	230.08    	15550.43  	7236.25   	0.00      	
13	29784.79  	708.97    	4005.03   	185.56    	15373.11  	7260.75   	0.00      	
14	29027.99  	452.30    	4628.43   	349.39    	15487.32  	7245.48   	0.00      	
15	29813.26  	512.46    	4298.36   	317.14    	15207.85  	7341.28   	0.00      	
16	28829.84  	872.89    	4514.58   	240.85    	15694.29  	7245.11   	0.00      	
17	29883.38  	653.50    	4357.72   	258.15    	15180.72  	7364.78   	0.00      	
18	28448.15  	610.03    	4252.57   	233.71    	16163.39  	7399.74   	0.00      	
19	28521.99  	680.39    	4306.33   	190.67    	16057.30  	7183.62   	0.00      	
20	29519.66  	617.69    	4409.50   	224.20    	15200.80  	7340.58   	0.00      	
21	29853.85  	599.24    	4334.62   	243.84    	15199.07  	7356.68   	0.00      	
22	29767.37  	980.63    	4372.97   	235.72    	15235.01  	7349.68   	0.00      	
23	29367.94  	703.02    	4308.60   	233.42    	15441.09  	7256.27   	0.00      	
