Throughput: 361.5662864389736
AverageTotalTimeBreakdownReport
thread_id	 total_time	 stream_process	 txn_process	 overheads
0	66315.49  	4336.49   	39954.09  	22024.91  
1	66335.94  	4244.93   	40118.18  	21972.84  
2	65522.88  	3715.96   	40166.02  	21640.90  
3	66336.61  	4274.37   	39825.29  	22236.95  
4	66335.46  	4259.17   	40109.98  	21966.32  
5	65854.22  	3734.56   	40372.87  	21746.79  
6	66023.11  	3766.37   	40302.53  	21954.21  
7	65982.55  	3731.84   	40096.53  	22154.18  
8	66021.09  	3741.74   	40511.09  	21768.26  
9	65688.42  	3641.78   	40313.20  	21733.44  
10	66013.32  	3706.02   	40160.16  	22147.14  
11	66314.54  	4179.95   	40721.20  	21413.38  
12	65991.32  	3738.39   	39990.99  	22261.94  
13	65936.29  	3760.24   	40129.37  	22046.68  
14	66031.29  	4227.46   	40139.04  	21664.79  
15	66239.17  	4218.65   	40440.75  	21579.77  
16	65969.32  	4323.37   	40295.49  	21350.46  
17	66226.93  	4280.42   	40096.55  	21849.96  
18	66217.38  	4309.68   	40152.45  	21755.25  
19	65895.63  	3751.00   	40024.10  	22120.54  
20	65877.48  	3759.75   	40208.83  	21908.90  
21	66183.73  	4203.56   	40597.10  	21383.07  
22	66179.60  	4236.07   	39347.81  	22595.72  
23	66167.43  	4249.32   	39826.92  	22091.19  
phase_id	 throughput
0	363.2595  	
SchedulerTimeBreakdownReport
thread_id	 explore_time	 next_time	 useful_time	 notify_time	 construct_time	 first_explore_time	 scheduler_switch
0	30898.74  	392.47    	3824.90   	401.90    	16744.15  	8319.63   	0.00      	
1	31220.36  	553.62    	3683.26   	356.39    	16805.73  	8330.91   	0.00      	
2	31362.60  	489.18    	3703.74   	406.52    	16639.68  	8372.59   	0.00      	
3	30912.65  	1323.10   	3726.38   	404.83    	17141.11  	8269.30   	0.00      	
4	31364.38  	1549.06   	3553.20   	374.93    	16654.63  	8342.48   	0.00      	
5	31510.69  	1296.82   	3750.14   	444.86    	16603.32  	8485.79   	0.00      	
6	31407.18  	1491.72   	3720.47   	364.12    	16738.82  	8470.74   	0.00      	
7	31248.46  	1493.58   	3679.11   	393.79    	16826.32  	8347.64   	0.00      	
8	31687.59  	1638.51   	3642.26   	346.51    	16467.51  	8487.45   	0.00      	
9	31459.43  	1362.15   	3656.56   	469.58    	16499.25  	8384.92   	0.00      	
10	31232.38  	1450.90   	3729.72   	398.18    	16767.52  	8348.55   	0.00      	
11	31985.58  	1630.66   	3494.48   	331.40    	16454.60  	8531.86   	0.00      	
12	31068.35  	2042.38   	3716.50   	501.27    	16939.84  	8310.64   	0.00      	
13	31480.68  	1743.22   	3441.20   	272.76    	16632.22  	8331.42   	0.00      	
14	31090.54  	2032.89   	3939.45   	408.20    	16796.22  	8397.30   	0.00      	
15	31487.54  	1386.86   	3765.14   	434.19    	16377.95  	8471.37   	0.00      	
16	31613.79  	1552.81   	3566.05   	416.24    	16478.24  	8469.58   	0.00      	
17	31231.76  	1476.27   	3660.81   	478.84    	16533.76  	8327.72   	0.00      	
18	31444.42  	1250.42   	3521.94   	466.12    	16644.53  	8350.87   	0.00      	
19	31092.63  	874.75    	3756.69   	669.28    	16882.58  	8322.66   	0.00      	
20	31235.51  	713.90    	3815.63   	653.02    	16771.78  	8370.28   	0.00      	
21	31637.70  	711.58    	3790.18   	670.37    	16582.51  	8544.80   	0.00      	
22	30363.01  	631.75    	3771.16   	527.95    	17383.81  	8545.25   	0.00      	
23	31019.56  	681.41    	3631.27   	327.54    	17070.97  	8291.35   	0.00      	
