Throughput: 328.5327668082362
AverageTotalTimeBreakdownReport
thread_id	 total_time	 stream_process	 txn_process	 overheads
0	72410.91  	3697.94   	46599.88  	22113.09  
1	73017.13  	4192.51   	46924.99  	21899.63  
2	73016.96  	4009.87   	46797.58  	22209.50  
3	73017.89  	4217.72   	46609.02  	22191.16  
4	72116.41  	3563.26   	46321.20  	22231.95  
5	72955.77  	4223.92   	46472.82  	22259.03  
6	73053.79  	3973.47   	46886.33  	22193.99  
7	72505.09  	3616.83   	46587.80  	22300.47  
8	72242.73  	3658.69   	44559.11  	24024.93  
9	73040.90  	4207.99   	44435.85  	24397.06  
10	72619.54  	4171.33   	46660.13  	21788.08  
11	72983.90  	3930.94   	46966.92  	22086.04  
12	72980.10  	4200.23   	46251.00  	22528.87  
13	73014.23  	3997.64   	46358.89  	22657.70  
14	72424.67  	3333.24   	46037.28  	23054.15  
15	72421.85  	3431.55   	46661.35  	22328.94  
16	72571.58  	4154.64   	46544.58  	21872.36  
17	72900.45  	4006.62   	46808.33  	22085.50  
18	72933.67  	3965.89   	47053.58  	21914.20  
19	72883.81  	4210.98   	46820.53  	21852.30  
20	72357.38  	3433.61   	47128.35  	21795.42  
21	72279.62  	3615.38   	44351.60  	24312.64  
22	72826.24  	3955.53   	47293.76  	21576.95  
23	72265.91  	3365.62   	45917.33  	22982.95  
phase_id	 throughput
0	330.1222  	
SchedulerTimeBreakdownReport
thread_id	 explore_time	 next_time	 useful_time	 notify_time	 construct_time	 first_explore_time	 scheduler_switch
0	40308.12  	1578.94   	2175.91   	227.33    	15399.32  	7393.88   	0.00      	
1	40558.35  	1646.50   	2201.68   	232.50    	15121.60  	7507.37   	0.00      	
2	40234.85  	1434.84   	2144.61   	202.44    	15378.19  	7348.12   	0.00      	
3	40268.58  	1323.39   	2184.31   	241.31    	15391.87  	7370.61   	0.00      	
4	40045.60  	1394.34   	2083.21   	218.09    	15683.02  	7320.32   	0.00      	
5	40197.27  	1151.62   	2143.43   	248.39    	15446.37  	7347.56   	0.00      	
6	40279.47  	1058.44   	2195.43   	227.48    	15376.55  	7449.57   	0.00      	
7	40255.43  	1054.49   	2124.17   	211.31    	15486.54  	7346.36   	0.00      	
8	37813.51  	1412.61   	2550.86   	247.86    	17179.60  	7317.43   	0.00      	
9	38037.59  	690.81    	2216.41   	216.54    	17033.94  	7346.27   	0.00      	
10	40501.52  	823.05    	2071.53   	224.88    	15279.99  	7439.01   	0.00      	
11	40430.40  	1012.41   	2120.09   	213.37    	15382.48  	7423.13   	0.00      	
12	39919.12  	766.01    	2178.18   	230.67    	15786.92  	7320.92   	0.00      	
13	39791.66  	843.51    	2163.19   	224.13    	15663.45  	7296.61   	0.00      	
14	39394.00  	1326.70   	2224.45   	214.48    	16012.74  	7297.40   	0.00      	
15	40102.90  	1316.02   	2145.36   	229.96    	15379.52  	7331.18   	0.00      	
16	40304.76  	1167.73   	2139.82   	231.31    	15217.05  	7366.42   	0.00      	
17	40124.52  	1207.91   	2289.71   	195.26    	15415.08  	7364.77   	0.00      	
18	40459.54  	1142.10   	2188.86   	218.09    	15142.24  	7444.14   	0.00      	
19	40506.33  	1109.95   	2171.53   	199.25    	15133.62  	7445.51   	0.00      	
20	40593.65  	1146.29   	2144.63   	252.17    	14980.74  	7498.08   	0.00      	
21	38085.80  	1303.86   	2105.21   	194.76    	17375.57  	7515.64   	0.00      	
22	40481.33  	1961.75   	2395.46   	215.10    	15076.41  	7494.89   	0.00      	
23	38957.58  	1930.56   	2528.06   	274.78    	16100.33  	7301.47   	0.00      	
