Throughput: 98.78720242695717
AverageTotalTimeBreakdownReport
thread_id	 total_time	 stream_process	 txn_process	 overheads
0	242814.48 	4787.06   	215597.79 	22429.63  
1	242831.91 	4768.50   	215532.69 	22530.71  
2	242681.77 	4747.77   	215689.93 	22244.08  
3	242820.31 	4743.62   	215599.67 	22477.02  
4	242823.28 	4750.69   	215484.56 	22588.03  
5	242825.70 	4759.34   	215538.78 	22527.58  
6	242803.00 	4715.66   	215417.73 	22669.60  
7	242828.01 	4747.46   	215529.95 	22550.60  
8	242805.93 	4765.12   	215685.81 	22355.01  
9	242827.50 	4773.33   	215770.03 	22284.13  
10	242823.64 	4810.97   	215961.74 	22050.93  
11	242819.34 	4709.14   	215043.77 	23066.43  
12	241970.34 	4729.50   	215903.23 	21337.61  
13	242827.96 	4763.25   	215762.34 	22302.36  
14	242797.79 	4717.16   	215876.27 	22204.37  
15	242746.41 	4700.13   	216132.59 	21913.69  
16	242781.23 	4754.75   	215564.50 	22461.98  
17	242783.42 	4773.95   	216031.77 	21977.70  
18	242529.68 	4672.73   	215393.22 	22463.72  
19	242723.65 	4692.74   	215762.81 	22268.10  
20	242731.03 	4696.20   	216290.71 	21744.12  
21	241617.10 	4760.00   	216331.22 	20525.88  
22	242706.37 	4705.61   	215739.06 	22261.70  
23	242666.43 	4728.99   	215801.93 	22135.51  
phase_id	 throughput
0	98.8913   	
SchedulerTimeBreakdownReport
thread_id	 explore_time	 next_time	 useful_time	 notify_time	 construct_time	 first_explore_time	 scheduler_switch
0	106558.52 	50194.12  	104076.64 	127.91    	16401.97  	5683.54   	0.00      	
1	108893.36 	34820.38  	101666.59 	160.18    	16539.40  	5644.19   	0.00      	
2	108167.51 	32876.24  	102593.38 	172.40    	16416.61  	5682.67   	0.00      	
3	110489.47 	31814.74  	100148.99 	145.90    	16349.87  	5656.99   	0.00      	
4	109990.45 	36590.78  	100514.70 	105.89    	16413.11  	5628.33   	0.00      	
5	107272.73 	30421.71  	103311.00 	168.90    	16447.60  	5667.49   	0.00      	
6	106147.87 	24314.49  	104307.97 	97.10     	16650.78  	5633.34   	0.00      	
7	108110.77 	23552.41  	102459.12 	93.26     	16481.18  	5647.36   	0.00      	
8	107676.12 	26153.92  	103064.65 	150.45    	16243.77  	5679.96   	0.00      	
9	108970.18 	26170.59  	101837.89 	89.99     	16235.17  	5706.27   	0.00      	
10	108834.73 	27482.29  	102171.48 	106.51    	16249.20  	5719.89   	0.00      	
11	109513.60 	30233.74  	100548.06 	138.83    	16902.33  	5935.29   	0.00      	
12	107993.33 	35793.26  	102973.80 	128.38    	16188.06  	5702.08   	0.00      	
13	109507.68 	36523.40  	101318.01 	100.70    	16195.41  	5687.16   	0.00      	
14	109307.76 	37820.08  	101604.92 	130.94    	16268.24  	5691.78   	0.00      	
15	108886.80 	38148.48  	102283.41 	146.26    	16058.80  	5931.66   	0.00      	
16	107668.70 	39083.76  	102923.24 	119.27    	16429.04  	5656.19   	0.00      	
17	108485.15 	44930.40  	102563.49 	137.64    	16060.23  	5927.86   	0.00      	
18	109619.11 	47367.54  	100799.76 	130.81    	16542.96  	5616.53   	0.00      	
19	109154.10 	49081.34  	101619.72 	94.16     	16132.37  	5670.01   	0.00      	
20	108746.80 	51649.47  	102563.35 	162.60    	15865.40  	5940.61   	0.00      	
21	108124.50 	52872.72  	103267.68 	139.14    	15755.81  	5950.84   	0.00      	
22	108953.01 	54887.84  	101824.31 	142.97    	16442.02  	5673.67   	0.00      	
23	108132.97 	55599.00  	102709.91 	183.81    	16230.69  	5702.31   	0.00      	
