Throughput: 336.4982161699127
AverageTotalTimeBreakdownReport
thread_id	 total_time	 stream_process	 txn_process	 overheads
0	71242.57  	4797.18   	45227.70  	21217.69  
1	70771.47  	4900.89   	44905.70  	20964.88  
2	70807.32  	4872.50   	45131.90  	20802.92  
3	70654.17  	4413.88   	45308.34  	20931.96  
4	70651.59  	4526.94   	44991.22  	21133.42  
5	71278.08  	4841.71   	43756.61  	22679.76  
6	71280.45  	4810.82   	45060.07  	21409.57  
7	71279.17  	4782.27   	43967.77  	22529.14  
8	71277.70  	4793.98   	45320.12  	21163.61  
9	70649.85  	4533.52   	45413.26  	20703.07  
10	71277.39  	4817.49   	45145.35  	21314.55  
11	71272.31  	4815.35   	45198.08  	21258.89  
12	70644.46  	4522.19   	45063.13  	21059.14  
13	71259.64  	4909.74   	45153.30  	21196.60  
14	71248.30  	4797.26   	45448.50  	21002.54  
15	71246.03  	4745.38   	45341.20  	21159.45  
16	70750.86  	4850.04   	45226.04  	20674.78  
17	71233.26  	4797.36   	45776.48  	20659.42  
18	70607.91  	4765.10   	44946.12  	20896.70  
19	70681.12  	4804.72   	45077.51  	20798.89  
20	70991.87  	4756.92   	45450.52  	20784.43  
21	71181.10  	4886.41   	45497.47  	20797.23  
22	71176.34  	4768.84   	45882.91  	20524.60  
23	70701.44  	4871.84   	45442.77  	20386.82  
phase_id	 throughput
0	338.0006  	
SchedulerTimeBreakdownReport
thread_id	 explore_time	 next_time	 useful_time	 notify_time	 construct_time	 first_explore_time	 scheduler_switch
0	26920.99  	678.87    	13628.32  	228.74    	15662.60  	6808.78   	0.00      	
1	26932.58  	733.10    	13415.71  	242.74    	15750.68  	6698.28   	0.00      	
2	26944.66  	656.70    	13604.76  	230.69    	15653.31  	6815.56   	0.00      	
3	27364.22  	828.41    	13226.71  	208.97    	15553.01  	6804.32   	0.00      	
4	27179.23  	842.11    	13215.64  	254.36    	15685.87  	6700.35   	0.00      	
5	25352.16  	2685.97   	13597.59  	262.17    	16944.52  	7106.16   	0.00      	
6	26720.59  	781.54    	13626.49  	236.99    	15821.80  	6707.65   	0.00      	
7	25882.80  	903.30    	13358.03  	192.31    	16832.51  	6705.43   	0.00      	
8	27161.27  	934.98    	13472.65  	220.80    	15550.06  	6841.89   	0.00      	
9	27534.71  	842.69    	13287.23  	222.72    	15464.05  	6890.38   	0.00      	
10	27039.45  	584.94    	13402.81  	258.78    	15781.94  	6706.39   	0.00      	
11	27361.63  	674.23    	13121.39  	177.90    	15813.03  	6713.48   	0.00      	
12	27110.35  	482.47    	13397.62  	226.94    	15767.98  	6743.82   	0.00      	
13	27357.32  	511.07    	13112.65  	239.75    	15685.10  	6719.37   	0.00      	
14	27608.51  	709.74    	13130.79  	227.56    	15629.08  	6864.12   	0.00      	
15	27356.85  	745.94    	13262.77  	178.21    	15598.47  	6846.36   	0.00      	
16	27249.11  	711.27    	13420.29  	218.95    	15585.48  	6867.89   	0.00      	
17	27525.40  	1031.62   	13578.60  	248.58    	15320.31  	7011.02   	0.00      	
18	27080.63  	683.33    	13320.71  	195.92    	15752.64  	6694.50   	0.00      	
19	27217.47  	637.44    	13306.84  	237.25    	15684.20  	6734.80   	0.00      	
20	27181.50  	748.04    	13588.04  	241.17    	15407.87  	6874.76   	0.00      	
21	27388.55  	891.46    	13524.88  	180.70    	15403.57  	6926.76   	0.00      	
22	27857.93  	964.65    	13318.40  	163.93    	15166.42  	7025.21   	0.00      	
23	27400.10  	837.25    	13449.23  	218.48    	15488.94  	6908.90   	0.00      	
