Throughput: 254.06349417228628
AverageTotalTimeBreakdownReport
thread_id	 total_time	 stream_process	 txn_process	 overheads
0	94367.43  	2888.70   	69728.87  	21749.86  
1	94249.51  	2991.56   	69956.21  	21301.74  
2	93962.50  	3061.70   	67770.20  	23130.59  
3	94332.76  	3001.98   	69675.10  	21655.68  
4	94142.69  	2965.91   	69841.27  	21335.51  
5	94264.59  	2968.02   	69908.01  	21388.56  
6	94377.16  	3027.32   	69821.42  	21528.42  
7	94435.61  	3230.91   	69743.70  	21461.01  
8	94341.36  	2977.41   	70158.88  	21205.06  
9	93330.08  	2949.67   	70174.54  	20205.87  
10	94307.28  	2978.09   	69917.39  	21411.80  
11	94328.86  	3038.41   	69666.75  	21623.70  
12	94382.37  	3190.25   	69943.75  	21248.38  
13	94189.67  	2964.80   	69989.53  	21235.34  
14	94182.82  	2966.34   	69924.95  	21291.53  
15	94296.25  	3199.03   	70055.22  	21042.00  
16	94280.62  	3208.28   	70019.45  	21052.89  
17	94229.21  	3186.75   	69788.86  	21253.61  
18	94085.46  	3002.86   	69783.75  	21298.86  
19	93947.34  	2942.81   	69756.27  	21248.26  
20	94183.85  	3191.62   	69840.03  	21152.20  
21	94122.57  	3059.28   	67701.80  	23361.49  
22	94090.01  	2977.07   	70254.99  	20857.95  
23	94090.98  	3018.50   	70104.96  	20967.52  
phase_id	 throughput
0	254.8099  	
SchedulerTimeBreakdownReport
thread_id	 explore_time	 next_time	 useful_time	 notify_time	 construct_time	 first_explore_time	 scheduler_switch
0	41797.60  	5305.24   	22899.04  	172.61    	16093.26  	7091.45   	0.00      	
1	42632.49  	5065.15   	22298.93  	195.90    	16061.67  	7272.13   	0.00      	
2	40056.51  	4413.91   	22746.91  	258.03    	17554.53  	7091.68   	0.00      	
3	42608.48  	4173.50   	22053.70  	221.76    	16143.40  	7060.82   	0.00      	
4	42697.90  	4392.43   	22126.38  	263.49    	16088.41  	7210.54   	0.00      	
5	42127.49  	3820.27   	22765.77  	218.50    	16091.61  	7241.26   	0.00      	
6	41940.66  	2638.36   	22858.73  	308.37    	16218.43  	7214.44   	0.00      	
7	42109.48  	1991.63   	22610.44  	267.90    	16223.31  	7083.03   	0.00      	
8	42398.69  	3198.93   	22737.99  	256.33    	15899.57  	7360.22   	0.00      	
9	42859.81  	4533.07   	22347.66  	185.58    	15889.97  	7360.86   	0.00      	
10	42411.84  	5826.91   	22492.67  	176.74    	16127.69  	7232.31   	0.00      	
11	42536.67  	6035.56   	22139.63  	199.21    	16298.15  	7064.42   	0.00      	
12	42191.83  	6986.65   	22740.24  	162.26    	16112.48  	7255.69   	0.00      	
13	42606.16  	7262.09   	22366.23  	157.48    	15998.16  	7265.41   	0.00      	
14	42457.58  	7025.62   	22448.85  	185.19    	16099.39  	7238.68   	0.00      	
15	42427.16  	6858.71   	22606.21  	220.84    	15917.75  	7333.99   	0.00      	
16	42313.61  	6772.16   	22678.17  	181.53    	15993.99  	7339.14   	0.00      	
17	42143.12  	6798.00   	22634.27  	237.03    	16191.85  	7186.36   	0.00      	
18	42524.48  	6913.00   	22251.29  	196.17    	16002.44  	7202.83   	0.00      	
19	42399.27  	5917.11   	22342.84  	233.98    	16122.61  	7103.82   	0.00      	
20	42311.32  	6953.39   	22519.75  	184.04    	16010.51  	7222.73   	0.00      	
21	39613.35  	8650.05   	23071.54  	227.06    	17759.09  	7497.30   	0.00      	
22	42815.73  	7202.40   	22407.41  	166.67    	15945.57  	7398.48   	0.00      	
23	42467.50  	7583.10   	22603.08  	166.81    	15907.82  	7345.16   	0.00      	
