Throughput: 360.6003571607439
AverageTotalTimeBreakdownReport
thread_id	 total_time	 stream_process	 txn_process	 overheads
0	66385.26  	4983.51   	37916.54  	23485.21  
1	66378.17  	4998.05   	38025.42  	23354.71  
2	65293.48  	4986.10   	38526.71  	21780.67  
3	66398.46  	4997.88   	38549.59  	22850.98  
4	66408.13  	5076.57   	38299.25  	23032.31  
5	66359.00  	5049.36   	38048.17  	23261.46  
6	66412.42  	5052.81   	37988.13  	23371.47  
7	66412.62  	5048.99   	37798.22  	23565.40  
8	66368.74  	4993.41   	38174.79  	23200.54  
9	66401.00  	5008.50   	38492.00  	22900.51  
10	66387.20  	4992.96   	38098.62  	23295.62  
11	66396.25  	5029.09   	37883.68  	23483.48  
12	66408.88  	5050.87   	37753.61  	23604.41  
13	66410.90  	5109.75   	37990.35  	23310.80  
14	66419.16  	5355.39   	37744.59  	23319.18  
15	66349.64  	5039.77   	37480.07  	23829.81  
16	66415.28  	5069.11   	38242.07  	23104.09  
17	66186.62  	4998.93   	37429.54  	23758.15  
18	66386.77  	4977.55   	38248.72  	23160.49  
19	66086.42  	4993.74   	38124.25  	22968.43  
20	66390.90  	5063.33   	38043.90  	23283.66  
21	66254.61  	4986.20   	38318.47  	22949.94  
22	66381.67  	5023.26   	38408.75  	22949.66  
23	66325.78  	4968.31   	37792.97  	23564.50  
phase_id	 throughput
0	361.9003  	
SchedulerTimeBreakdownReport
thread_id	 explore_time	 next_time	 useful_time	 notify_time	 construct_time	 first_explore_time	 scheduler_switch
0	28778.14  	782.67    	4049.64   	225.66    	17097.34  	6514.52   	0.00      	
1	28887.51  	682.88    	4063.11   	268.98    	16982.88  	6522.23   	0.00      	
2	29416.45  	675.70    	4076.26   	258.68    	16759.25  	7063.87   	0.00      	
3	29587.46  	809.35    	3884.77   	249.40    	16801.79  	7036.19   	0.00      	
4	29400.97  	664.00    	3846.39   	252.33    	16866.92  	6549.96   	0.00      	
5	29110.73  	732.86    	3915.53   	244.10    	16896.94  	6520.83   	0.00      	
6	29001.98  	707.14    	3921.79   	247.57    	17153.87  	6525.47   	0.00      	
7	28948.00  	743.53    	3807.37   	210.90    	17260.68  	6495.54   	0.00      	
8	29230.05  	614.83    	3894.54   	267.98    	16925.72  	6560.84   	0.00      	
9	29671.71  	681.22    	3751.13   	219.03    	16775.10  	7034.57   	0.00      	
10	29259.46  	663.04    	3783.06   	218.70    	16980.93  	6533.46   	0.00      	
11	29079.94  	899.00    	3727.32   	192.71    	17236.45  	6489.67   	0.00      	
12	28556.04  	655.46    	4153.19   	284.63    	17243.20  	6509.00   	0.00      	
13	28835.58  	749.52    	4084.37   	252.98    	17009.49  	6500.59   	0.00      	
14	28724.00  	732.20    	3984.35   	247.30    	17254.06  	6323.96   	0.00      	
15	28327.41  	677.14    	4111.55   	262.20    	17517.52  	6326.92   	0.00      	
16	29302.37  	825.14    	3911.44   	243.45    	16928.14  	6566.16   	0.00      	
17	28549.71  	807.82    	3847.34   	232.60    	17528.84  	7059.97   	0.00      	
18	29337.12  	812.07    	3847.94   	261.34    	16920.74  	6551.17   	0.00      	
19	29389.78  	945.74    	3723.37   	207.52    	16916.86  	6542.64   	0.00      	
20	28927.41  	1000.19   	4056.76   	252.78    	16884.73  	6593.18   	0.00      	
21	29220.16  	721.69    	4096.99   	282.33    	16885.06  	6576.73   	0.00      	
22	29387.80  	743.21    	3977.97   	246.88    	16754.70  	6575.27   	0.00      	
23	28684.54  	706.18    	4048.51   	275.78    	17244.39  	6494.23   	0.00      	
