Throughput: 420.6629698728647
AverageTotalTimeBreakdownReport
thread_id	 total_time	 stream_process	 txn_process	 overheads
0	56998.08  	5332.36   	28925.42  	22740.29  
1	57077.60  	5185.58   	29572.18  	22319.85  
2	55946.82  	4961.64   	30094.64  	20890.55  
3	57079.18  	5311.43   	29575.32  	22192.43  
4	57004.14  	5264.31   	29240.29  	22499.54  
5	57068.02  	5252.69   	29733.70  	22081.63  
6	57128.09  	5313.40   	29482.01  	22332.69  
7	57127.22  	5331.18   	29561.89  	22234.15  
8	57100.06  	5290.35   	30168.15  	21641.56  
9	55947.05  	5055.37   	29909.36  	20982.32  
10	57114.93  	5303.31   	30115.55  	21696.07  
11	56106.33  	5195.98   	27729.57  	23180.78  
12	57074.98  	5254.29   	30019.52  	21801.18  
13	57069.59  	5253.44   	30550.26  	21265.89  
14	57027.96  	5217.83   	30295.38  	21514.75  
15	57059.77  	5270.37   	30196.13  	21593.28  
16	56975.89  	5247.36   	29845.81  	21882.72  
17	57022.39  	5311.30   	29710.90  	22000.18  
18	57012.34  	5290.25   	29797.63  	21924.46  
19	57011.20  	5301.98   	29463.62  	22245.61  
20	56885.11  	5250.35   	30300.49  	21334.27  
21	56773.72  	5222.54   	30574.57  	20976.61  
22	56979.91  	5316.58   	30080.77  	21582.56  
23	56881.27  	5319.72   	29696.32  	21865.23  
phase_id	 throughput
0	421.8483  	
SchedulerTimeBreakdownReport
thread_id	 explore_time	 next_time	 useful_time	 notify_time	 construct_time	 first_explore_time	 scheduler_switch
0	20293.72  	1486.61   	3725.93   	309.96    	14872.66  	6131.45   	0.00      	
1	19863.70  	1238.03   	4511.25   	420.58    	14561.06  	6236.35   	0.00      	
2	21066.00  	1063.44   	4083.94   	397.19    	14178.66  	7344.36   	0.00      	
3	20591.51  	1108.33   	4036.28   	416.07    	14313.14  	7294.90   	0.00      	
4	20330.08  	1024.36   	3973.29   	328.96    	14677.08  	6144.67   	0.00      	
5	20658.92  	955.13    	4130.70   	406.01    	14318.29  	7303.61   	0.00      	
6	20386.94  	917.07    	4167.90   	389.31    	14466.73  	7291.57   	0.00      	
7	20608.95  	1228.34   	4016.91   	358.71    	14316.30  	7289.61   	0.00      	
8	21223.84  	815.02    	4011.50   	417.88    	13956.51  	7426.83   	0.00      	
9	20909.81  	1135.42   	4076.76   	356.32    	14007.61  	7361.16   	0.00      	
10	21157.26  	1040.40   	4037.50   	409.60    	14051.58  	7405.17   	0.00      	
11	18859.60  	909.27    	3927.23   	350.52    	15895.32  	7456.30   	0.00      	
12	20948.67  	657.51    	4150.14   	424.13    	14091.47  	7316.89   	0.00      	
13	21535.73  	771.63    	4068.86   	413.36    	13597.13  	7444.92   	0.00      	
14	21254.88  	704.84    	4099.09   	391.27    	13901.47  	7421.66   	0.00      	
15	21215.39  	633.73    	4016.30   	371.38    	13835.83  	7417.93   	0.00      	
16	20836.80  	563.49    	4072.02   	361.63    	14181.55  	7327.37   	0.00      	
17	20803.62  	504.10    	3987.17   	445.44    	14296.57  	7314.47   	0.00      	
18	20909.19  	697.62    	3956.10   	323.91    	14173.32  	7303.90   	0.00      	
19	20599.43  	511.75    	3932.60   	473.13    	14337.29  	7265.29   	0.00      	
20	21497.78  	623.77    	3874.97   	375.09    	13778.52  	7453.52   	0.00      	
21	21920.28  	776.27    	3737.29   	400.64    	13646.34  	7459.99   	0.00      	
22	21609.48  	969.37    	3569.52   	298.69    	14102.83  	7345.70   	0.00      	
23	21221.46  	1664.41   	3552.22   	228.33    	14249.27  	7278.95   	0.00      	
