Throughput: 404.66482914321807
AverageTotalTimeBreakdownReport
thread_id	 total_time	 stream_process	 txn_process	 overheads
0	59137.18  	3685.23   	35405.83  	20046.13  
1	58941.75  	3244.12   	35121.87  	20575.76  
2	59219.57  	3696.57   	35298.86  	20224.14  
3	58621.94  	3021.93   	35456.22  	20143.79  
4	58612.39  	3175.21   	35039.88  	20397.30  
5	59166.05  	3728.90   	35030.29  	20406.86  
6	59219.79  	3670.57   	34748.07  	20801.15  
7	58660.05  	3093.48   	35327.62  	20238.96  
8	59145.33  	3684.44   	34861.68  	20599.21  
9	59157.67  	3576.39   	35491.62  	20089.67  
10	59201.11  	3622.90   	35156.78  	20421.43  
11	59209.72  	3596.36   	35179.44  	20433.92  
12	58910.75  	3062.03   	35027.86  	20820.86  
13	58906.49  	3117.28   	35259.12  	20530.10  
14	59131.90  	3599.13   	35252.15  	20280.62  
15	59092.82  	3577.14   	35199.24  	20316.43  
16	58614.28  	3151.94   	35279.29  	20183.05  
17	59106.30  	3615.46   	35203.41  	20287.43  
18	58821.35  	3101.10   	35330.32  	20389.94  
19	58806.61  	3109.67   	35000.45  	20696.50  
20	58790.61  	3149.62   	35104.28  	20536.71  
21	58484.99  	3011.26   	35589.73  	19883.99  
22	59031.28  	3648.47   	35007.38  	20375.42  
23	58763.49  	3108.09   	34965.07  	20690.33  
phase_id	 throughput
0	407.1442  	
SchedulerTimeBreakdownReport
thread_id	 explore_time	 next_time	 useful_time	 notify_time	 construct_time	 first_explore_time	 scheduler_switch
0	26898.44  	573.72    	3626.64   	248.38    	15509.84  	4317.19   	0.00      	
1	26689.85  	581.61    	3455.47   	260.54    	15626.53  	4157.23   	0.00      	
2	26901.21  	623.48    	3452.20   	255.07    	15528.37  	4289.14   	0.00      	
3	27167.08  	735.07    	3300.93   	231.38    	15512.76  	4288.82   	0.00      	
4	26967.61  	760.48    	3242.56   	220.31    	15631.66  	4166.41   	0.00      	
5	26720.67  	579.98    	3432.58   	280.95    	15719.56  	4171.13   	0.00      	
6	26368.72  	569.68    	3409.71   	245.50    	15998.22  	4320.99   	0.00      	
7	27082.29  	634.22    	3268.89   	229.42    	15515.57  	4283.32   	0.00      	
8	26571.19  	549.46    	3435.92   	252.25    	15926.47  	4153.80   	0.00      	
9	27148.63  	579.68    	3369.90   	187.89    	15335.56  	4288.05   	0.00      	
10	26618.78  	349.95    	3561.54   	256.05    	15664.99  	4184.65   	0.00      	
11	26596.73  	438.63    	3543.66   	238.08    	15762.93  	4158.72   	0.00      	
12	26387.85  	426.00    	3655.70   	267.19    	15837.34  	4192.49   	0.00      	
13	26873.18  	622.89    	3394.86   	206.60    	15473.32  	4202.22   	0.00      	
14	26656.20  	511.33    	3614.12   	245.58    	15724.07  	4208.24   	0.00      	
15	26713.73  	607.74    	3500.28   	220.92    	15552.59  	4181.30   	0.00      	
16	26898.45  	681.41    	3433.17   	201.55    	15463.49  	4273.29   	0.00      	
17	26651.28  	502.30    	3577.34   	269.71    	15661.99  	4194.58   	0.00      	
18	26860.75  	606.57    	3463.81   	232.15    	15551.37  	4204.42   	0.00      	
19	26522.16  	510.62    	3503.94   	258.52    	15796.75  	4151.73   	0.00      	
20	26746.24  	611.15    	3460.17   	256.00    	15668.74  	4165.73   	0.00      	
21	26972.14  	550.44    	3589.74   	270.79    	15324.95  	4305.14   	0.00      	
22	26568.14  	581.39    	3441.21   	222.97    	15697.88  	4168.84   	0.00      	
23	26433.57  	534.04    	3534.00   	279.98    	15733.42  	4131.95   	0.00      	
