Throughput: 154.22972681854424
AverageTotalTimeBreakdownReport
thread_id	 total_time	 stream_process	 txn_process	 overheads
0	155500.81 	4811.97   	127579.73 	23109.11  
1	155582.64 	4817.75   	127912.03 	22852.86  
2	155608.92 	4771.60   	128531.59 	22305.73  
3	155594.45 	4798.20   	128180.35 	22615.90  
4	155513.29 	4880.08   	128052.72 	22580.49  
5	155612.21 	4911.41   	128275.59 	22425.21  
6	155611.84 	4850.86   	127706.52 	23054.46  
7	155565.24 	4880.11   	127829.62 	22855.51  
8	155492.94 	4753.53   	128241.50 	22497.91  
9	155562.85 	4802.96   	128093.76 	22666.14  
10	155525.22 	4798.88   	127908.35 	22817.99  
11	155559.83 	4861.72   	127683.37 	23014.74  
12	155512.49 	4815.45   	127589.38 	23107.65  
13	155434.84 	4841.05   	127766.45 	22827.35  
14	155491.91 	4847.80   	127851.42 	22792.69  
15	155472.17 	4832.22   	125713.33 	24926.63  
16	155451.49 	4842.37   	125959.94 	24649.18  
17	155474.01 	4813.70   	127763.35 	22896.96  
18	155418.50 	4878.51   	127515.31 	23024.68  
19	154386.91 	4790.80   	127757.37 	21838.74  
20	154382.62 	4753.35   	128443.81 	21185.46  
21	155352.97 	4759.68   	128739.45 	21853.85  
22	155315.09 	4767.49   	128436.40 	22111.19  
23	155381.13 	4893.04   	127693.51 	22794.58  
phase_id	 throughput
0	154.4323  	
SchedulerTimeBreakdownReport
thread_id	 explore_time	 next_time	 useful_time	 notify_time	 construct_time	 first_explore_time	 scheduler_switch
0	59238.38  	5798.18   	63522.47  	158.69    	17336.28  	4952.79   	0.00      	
1	61139.45  	4938.30   	62064.93  	106.09    	17021.47  	4966.81   	0.00      	
2	61031.81  	4850.40   	62620.31  	161.34    	16769.30  	5096.29   	0.00      	
3	62356.92  	5651.80   	61118.63  	113.48    	16945.65  	5000.05   	0.00      	
4	61988.13  	13152.72  	61273.89  	97.12     	17039.62  	4983.36   	0.00      	
5	60424.93  	8246.40   	63062.41  	160.20    	16911.60  	5074.67   	0.00      	
6	59641.36  	8491.66   	63382.14  	118.93    	17381.07  	4956.54   	0.00      	
7	60640.06  	8753.13   	62517.19  	151.95    	17186.42  	4974.88   	0.00      	
8	60424.18  	8727.08   	62993.20  	152.69    	16722.99  	5076.98   	0.00      	
9	61174.14  	8769.61   	62109.66  	142.61    	16985.52  	4994.20   	0.00      	
10	60734.61  	8614.44   	62383.14  	140.86    	17256.12  	4972.28   	0.00      	
11	61465.63  	9136.30   	61405.83  	140.22    	17410.47  	4919.72   	0.00      	
12	59930.61  	9512.31   	62955.58  	156.23    	17357.47  	4931.99   	0.00      	
13	61038.63  	8908.31   	61940.28  	149.47    	17214.87  	4937.11   	0.00      	
14	60961.66  	8930.49   	62037.14  	155.78    	17264.84  	4945.42   	0.00      	
15	58400.63  	8988.92   	62509.91  	142.91    	18658.48  	5163.82   	0.00      	
16	58276.04  	10569.50  	62988.27  	171.87    	18486.25  	5057.13   	0.00      	
17	60445.26  	10786.39  	62639.22  	156.67    	17317.52  	4947.78   	0.00      	
18	60953.84  	11474.30  	61780.40  	145.32    	17335.26  	4912.86   	0.00      	
19	61005.47  	11354.11  	61977.25  	104.32    	17199.89  	4962.96   	0.00      	
20	61179.38  	10566.42  	62565.50  	154.55    	16710.02  	5096.69   	0.00      	
21	60859.94  	13775.61  	63086.49  	126.46    	16624.33  	5142.87   	0.00      	
22	61508.84  	10996.00  	62113.32  	158.66    	16862.09  	5080.96   	0.00      	
23	60473.97  	8549.23   	62527.86  	124.45    	17241.96  	4919.35   	0.00      	
