Throughput: 358.53175818030775
AverageTotalTimeBreakdownReport
thread_id	 total_time	 stream_process	 txn_process	 overheads
0	66792.98  	4995.67   	37480.10  	24317.21  
1	66911.57  	5035.66   	37818.33  	24057.58  
2	65707.22  	4988.54   	37902.65  	22816.04  
3	66826.60  	4986.25   	38017.47  	23822.89  
4	65702.70  	5040.34   	37810.86  	22851.50  
5	66910.82  	5055.28   	36934.51  	24921.02  
6	66770.98  	5048.53   	37430.02  	24292.44  
7	66919.75  	5054.59   	37345.71  	24519.45  
8	66720.34  	5090.36   	37938.22  	23691.76  
9	65709.21  	4976.89   	37040.53  	23691.79  
10	66903.91  	5065.08   	37676.45  	24162.38  
11	66854.28  	4960.47   	36730.13  	25163.68  
12	66899.35  	5061.70   	36610.27  	25227.38  
13	66881.95  	5027.48   	37079.85  	24774.62  
14	66880.31  	5069.04   	37518.90  	24292.36  
15	66806.09  	4945.58   	38538.46  	23322.04  
16	65602.70  	4968.54   	37765.68  	22868.47  
17	66793.44  	4922.39   	38369.63  	23501.42  
18	66599.75  	5148.84   	37601.83  	23849.08  
19	66706.84  	5019.13   	37574.15  	24113.56  
20	66733.12  	5100.98   	37894.88  	23737.26  
21	66710.80  	5001.40   	37885.27  	23824.14  
22	66734.54  	5136.27   	37837.00  	23761.26  
23	66717.71  	5066.18   	37858.60  	23792.93  
phase_id	 throughput
0	360.2858  	
SchedulerTimeBreakdownReport
thread_id	 explore_time	 next_time	 useful_time	 notify_time	 construct_time	 first_explore_time	 scheduler_switch
0	29334.39  	735.22    	3014.08   	320.07    	15586.57  	4935.03   	0.00      	
1	29659.81  	708.59    	2990.52   	298.63    	15387.40  	5030.94   	0.00      	
2	29882.25  	836.56    	2865.25   	255.40    	15335.25  	5063.76   	0.00      	
3	29881.76  	842.69    	2950.67   	276.41    	15273.71  	5136.72   	0.00      	
4	29704.52  	949.40    	2932.81   	243.79    	15257.27  	5006.08   	0.00      	
5	29013.53  	810.20    	2781.20   	218.75    	16144.80  	4785.79   	0.00      	
6	29269.44  	653.94    	3016.05   	296.09    	15719.89  	4909.61   	0.00      	
7	29354.42  	800.24    	2842.61   	238.22    	15645.09  	4898.16   	0.00      	
8	30026.59  	838.69    	2794.86   	296.46    	15343.04  	5141.77   	0.00      	
9	29167.95  	801.05    	2727.85   	233.68    	15948.78  	4826.77   	0.00      	
10	29974.26  	919.86    	2583.43   	210.67    	15567.82  	4986.55   	0.00      	
11	28895.67  	866.39    	2664.59   	235.64    	16363.82  	4765.63   	0.00      	
12	28253.07  	387.52    	3180.50   	269.17    	16299.15  	5220.61   	0.00      	
13	28889.83  	490.06    	3040.75   	259.41    	15864.84  	4898.68   	0.00      	
14	29418.24  	620.39    	2967.76   	251.65    	15667.23  	4969.12   	0.00      	
15	30373.28  	547.07    	2991.88   	291.87    	15027.61  	5214.08   	0.00      	
16	29792.75  	721.73    	2843.96   	251.55    	15481.90  	5010.65   	0.00      	
17	30105.44  	512.22    	3087.39   	260.99    	15340.06  	5192.91   	0.00      	
18	29546.28  	705.50    	2911.65   	250.58    	15439.51  	4972.75   	0.00      	
19	29258.33  	578.63    	3144.50   	308.34    	15605.02  	4989.16   	0.00      	
20	29757.60  	617.56    	3027.35   	281.40    	15191.65  	5128.47   	0.00      	
21	29718.36  	687.91    	3000.96   	288.84    	15278.24  	5058.56   	0.00      	
22	29612.24  	1103.84   	3063.72   	283.71    	15208.74  	5029.33   	0.00      	
23	29748.80  	748.13    	2991.87   	245.88    	15335.93  	5052.93   	0.00      	
