Throughput: 199.54546310638716
AverageTotalTimeBreakdownReport
thread_id	 total_time	 stream_process	 txn_process	 overheads
0	120168.52 	4281.39   	95413.20  	20473.94  
1	119950.26 	3880.08   	95749.68  	20320.51  
2	119927.31 	3913.26   	95854.61  	20159.45  
3	119777.62 	3763.37   	96078.13  	19936.12  
4	119939.76 	3871.32   	95823.03  	20245.41  
5	120220.47 	4144.88   	95479.36  	20596.23  
6	120228.13 	4170.20   	95328.58  	20729.36  
7	120142.43 	4276.66   	95182.49  	20683.28  
8	119942.12 	3793.02   	96105.87  	20043.23  
9	120233.20 	4267.00   	95949.93  	20016.28  
10	120021.70 	3790.55   	93853.49  	22377.66  
11	120075.25 	3973.58   	95322.85  	20778.81  
12	120219.14 	4213.36   	95373.16  	20632.62  
13	120219.46 	4194.24   	95923.90  	20101.33  
14	120201.68 	4133.98   	95962.22  	20105.48  
15	120197.70 	4119.62   	96256.04  	19822.04  
16	119906.77 	3878.59   	95102.05  	20926.12  
17	119797.09 	3679.77   	94334.44  	21782.87  
18	120074.33 	4302.19   	95253.13  	20519.02  
19	120057.33 	4247.66   	94958.93  	20850.74  
20	119844.74 	3819.58   	95323.25  	20701.91  
21	119732.30 	3805.08   	96052.02  	19875.19  
22	119669.73 	3674.68   	93771.74  	22223.32  
23	120080.39 	4168.96   	96024.91  	19886.51  
phase_id	 throughput
0	199.9568  	
SchedulerTimeBreakdownReport
thread_id	 explore_time	 next_time	 useful_time	 notify_time	 construct_time	 first_explore_time	 scheduler_switch
0	46838.32  	14872.61  	43940.83  	136.86    	13797.83  	5693.26   	0.00      	
1	47988.94  	15129.66  	42940.16  	126.61    	13774.16  	5684.51   	0.00      	
2	47825.49  	12472.33  	43389.36  	116.01    	13662.36  	5791.71   	0.00      	
3	48954.33  	12320.76  	42277.16  	145.68    	13558.60  	5812.61   	0.00      	
4	48677.41  	11828.28  	42318.65  	141.70    	13769.68  	5662.03   	0.00      	
5	47112.53  	12402.02  	43511.61  	185.07    	14163.61  	5666.18   	0.00      	
6	46774.47  	10382.73  	43728.45  	187.36    	14105.56  	5632.41   	0.00      	
7	47384.56  	8240.40   	43221.83  	133.43    	13825.43  	5645.79   	0.00      	
8	47800.71  	5512.69   	43473.94  	120.02    	13725.99  	5830.87   	0.00      	
9	48297.86  	3034.39   	42831.81  	170.43    	13633.29  	5784.75   	0.00      	
10	45802.21  	992.03    	43191.85  	156.05    	15356.93  	5588.39   	0.00      	
11	48139.60  	1232.82   	42329.95  	146.97    	14115.86  	5609.14   	0.00      	
12	47093.57  	4053.80   	43437.15  	164.31    	14009.57  	5634.69   	0.00      	
13	48316.31  	4854.11   	42747.40  	124.73    	13633.89  	5695.86   	0.00      	
14	48243.05  	11472.54  	42862.71  	170.98    	13603.46  	5697.65   	0.00      	
15	48318.84  	11426.13  	43086.81  	123.10    	13343.23  	5814.26   	0.00      	
16	46724.27  	13198.25  	43728.23  	174.58    	14235.86  	5619.56   	0.00      	
17	46152.83  	13093.61  	43326.91  	109.20    	15083.51  	5627.40   	0.00      	
18	48086.25  	14469.24  	42522.58  	150.55    	13903.75  	5640.80   	0.00      	
19	47448.81  	14932.87  	42890.97  	181.90    	14224.62  	5608.87   	0.00      	
20	47174.63  	15292.40  	43328.23  	158.88    	14077.52  	5622.01   	0.00      	
21	47611.45  	17112.10  	43626.98  	136.91    	13637.77  	5795.71   	0.00      	
22	45962.40  	18456.35  	42957.64  	173.39    	15497.64  	5851.05   	0.00      	
23	47897.24  	18744.27  	43291.64  	125.29    	13778.36  	5782.23   	0.00      	
