Throughput: 325.4676005704487
AverageTotalTimeBreakdownReport
thread_id	 total_time	 stream_process	 txn_process	 overheads
0	73646.91  	6405.61   	44437.15  	22804.14  
1	73749.23  	6530.26   	44584.25  	22634.72  
2	73749.77  	6490.71   	44458.23  	22800.83  
3	73733.33  	6619.69   	44609.99  	22503.66  
4	73680.74  	6503.43   	44770.15  	22407.16  
5	73751.85  	6492.77   	44505.78  	22753.29  
6	73752.42  	6505.57   	44462.41  	22784.44  
7	73466.23  	6478.61   	44408.25  	22579.37  
8	73713.19  	6476.35   	44297.13  	22939.70  
9	73659.33  	6447.29   	44448.74  	22763.30  
10	73717.42  	6396.44   	43973.22  	23347.76  
11	73679.80  	6467.12   	44423.28  	22789.41  
12	73677.92  	6439.77   	44411.85  	22826.30  
13	73653.30  	6506.43   	44653.31  	22493.56  
14	73643.52  	6432.41   	44486.85  	22724.27  
15	73512.91  	6401.99   	44503.26  	22607.66  
16	73624.90  	6456.58   	44574.14  	22594.18  
17	73504.92  	6368.95   	44482.26  	22653.72  
18	73573.73  	6431.72   	44512.37  	22629.64  
19	73551.39  	6420.94   	44330.80  	22799.66  
20	73575.45  	6404.70   	44505.32  	22665.43  
21	73551.69  	6453.39   	44741.35  	22356.96  
22	73538.61  	6426.48   	44583.74  	22528.39  
23	73520.57  	6458.51   	44628.11  	22433.95  
phase_id	 throughput
0	325.9344  	
SchedulerTimeBreakdownReport
thread_id	 explore_time	 next_time	 useful_time	 notify_time	 construct_time	 first_explore_time	 scheduler_switch
0	22393.90  	107.98    	14471.48  	581.97    	13618.01  	10966.85  	0.00      	
1	22788.62  	121.27    	14312.90  	609.34    	13233.76  	11200.32  	0.00      	
2	22614.88  	102.58    	14274.35  	595.57    	13096.96  	10956.77  	0.00      	
3	23025.64  	142.78    	14005.25  	656.89    	13271.33  	11207.96  	0.00      	
4	22853.60  	126.32    	14360.50  	562.63    	13245.76  	11296.85  	0.00      	
5	22610.74  	118.95    	14427.35  	599.42    	13450.47  	11101.67  	0.00      	
6	22583.10  	156.99    	14304.73  	567.52    	13675.75  	10999.92  	0.00      	
7	22409.31  	108.86    	14529.65  	598.28    	13126.63  	10941.43  	0.00      	
8	22546.93  	164.94    	14277.61  	608.41    	13563.74  	10978.49  	0.00      	
9	22757.90  	125.07    	14129.67  	592.50    	13529.06  	11007.68  	0.00      	
10	22085.42  	167.28    	14286.52  	601.67    	13977.87  	11389.94  	0.00      	
11	22568.52  	138.33    	14293.44  	619.47    	13570.36  	10934.05  	0.00      	
12	22693.44  	146.00    	14237.25  	610.78    	13387.88  	11029.90  	0.00      	
13	22758.83  	110.84    	14309.71  	582.55    	13388.31  	11279.16  	0.00      	
14	22775.51  	125.19    	14243.50  	629.06    	13348.35  	11024.02  	0.00      	
15	22508.79  	126.41    	14419.10  	590.18    	13330.23  	11068.27  	0.00      	
16	22684.20  	102.34    	14328.63  	612.93    	13081.89  	11205.58  	0.00      	
17	22880.89  	180.71    	14122.72  	665.45    	13474.09  	11035.49  	0.00      	
18	22661.70  	134.59    	14295.68  	614.75    	13579.12  	11072.89  	0.00      	
19	22309.10  	122.97    	14465.37  	599.74    	13498.68  	10915.70  	0.00      	
20	22716.95  	140.50    	14300.79  	623.18    	13305.49  	11041.93  	0.00      	
21	23029.24  	131.14    	14228.85  	590.15    	13069.53  	11281.76  	0.00      	
22	22730.49  	132.08    	14363.37  	598.97    	13502.08  	11215.68  	0.00      	
23	23022.96  	143.78    	14166.96  	626.43    	13209.95  	11238.67  	0.00      	
