Throughput: 118.57016321236037
AverageTotalTimeBreakdownReport
thread_id	 total_time	 stream_process	 txn_process	 overheads
0	202383.70 	2191.38   	191217.41 	8974.91   
1	202417.32 	1796.66   	191638.58 	8982.09   
2	202405.83 	1772.22   	191828.63 	8804.98   
3	202397.11 	2213.12   	191128.23 	9055.76   
4	202395.81 	2190.39   	191158.79 	9046.63   
5	202403.87 	2202.09   	191106.14 	9095.65   
6	202395.50 	2178.64   	191147.93 	9068.94   
7	202401.99 	2181.57   	191145.20 	9075.21   
8	202393.45 	2182.37   	191083.96 	9127.12   
9	202390.24 	2230.74   	191167.95 	8991.55   
10	202392.39 	2177.69   	191178.18 	9036.52   
11	202387.83 	2198.65   	191098.54 	9090.65   
12	202384.66 	2199.72   	191474.40 	8710.54   
13	202383.05 	2159.83   	191492.72 	8730.50   
14	202382.20 	2159.91   	191494.47 	8727.82   
15	202378.62 	2142.57   	191515.31 	8720.74   
16	202368.82 	2245.70   	191486.56 	8636.56   
17	202375.84 	2198.30   	191348.28 	8829.26   
18	202359.23 	2263.67   	191373.17 	8722.39   
19	202367.52 	1784.49   	191712.80 	8870.24   
20	202353.43 	2190.80   	191443.47 	8719.16   
21	202351.33 	1760.71   	191914.38 	8676.24   
22	202372.44 	1790.17   	191912.19 	8670.08   
23	202346.25 	2184.38   	191462.02 	8699.85   
phase_id	 throughput
0	118.5871  	
SchedulerTimeBreakdownReport
thread_id	 explore_time	 next_time	 useful_time	 notify_time	 construct_time	 first_explore_time	 scheduler_switch
0	168461.49 	59.95     	21315.51  	411.44    	5362.09   	6351.14   	0.00      	
1	168522.65 	59.27     	21293.40  	413.03    	5265.40   	6381.83   	0.00      	
2	168709.97 	56.01     	21299.15  	395.62    	5305.97   	6418.69   	0.00      	
3	168445.68 	58.77     	21309.61  	406.52    	5285.17   	6297.36   	0.00      	
4	168431.63 	57.70     	21314.94  	405.48    	5373.89   	6383.50   	0.00      	
5	168412.15 	55.83     	21303.06  	415.85    	5166.09   	6316.63   	0.00      	
6	168431.67 	57.24     	21308.66  	401.38    	5369.63   	6385.60   	0.00      	
7	168447.68 	63.48     	21287.53  	403.84    	5161.06   	6334.03   	0.00      	
8	168384.77 	61.75     	21284.85  	407.88    	5304.12   	6415.55   	0.00      	
9	168467.43 	59.73     	21301.27  	404.62    	5213.44   	6287.63   	0.00      	
10	168486.80 	58.05     	21277.26  	400.66    	5152.39   	6346.32   	0.00      	
11	168392.44 	55.90     	21288.30  	398.39    	5260.57   	6253.35   	0.00      	
12	168861.58 	12.91     	21222.33  	260.35    	5313.57   	6314.59   	0.00      	
13	168835.25 	13.49     	21226.85  	262.97    	5197.41   	6340.19   	0.00      	
14	168869.21 	13.43     	21201.57  	259.09    	5148.45   	6322.09   	0.00      	
15	168874.98 	13.34     	21194.49  	258.36    	5272.11   	6411.31   	0.00      	
16	168851.08 	13.05     	21192.69  	257.61    	5128.00   	6409.91   	0.00      	
17	168678.33 	12.96     	21253.88  	260.80    	5247.44   	6333.58   	0.00      	
18	168716.44 	12.80     	21227.66  	261.83    	5180.21   	6360.01   	0.00      	
19	168665.80 	13.44     	21214.08  	265.07    	5240.30   	6417.13   	0.00      	
20	168821.08 	13.24     	21214.36  	258.51    	5262.72   	6426.66   	0.00      	
21	168849.17 	12.98     	21206.59  	254.28    	5324.17   	6299.66   	0.00      	
22	168875.69 	12.71     	21210.31  	259.55    	5144.58   	6375.39   	0.00      	
23	168834.88 	12.69     	21209.75  	268.23    	5158.67   	6374.76   	0.00      	
