Throughput: 747.5408283874784
AverageTotalTimeBreakdownReport
thread_id	 total_time	 stream_process	 txn_process	 overheads
0	32038.78  	2594.14   	17181.55  	12263.09  
1	31945.57  	2554.81   	17434.86  	11955.90  
2	31934.20  	2554.70   	17445.09  	11934.42  
3	32137.60  	2643.77   	17493.31  	12000.53  
4	31979.92  	2582.35   	17237.14  	12160.44  
5	32114.63  	2680.58   	17277.62  	12156.43  
6	32124.57  	2681.67   	17015.79  	12427.11  
7	32088.67  	2641.70   	17026.24  	12420.73  
8	32090.91  	2575.58   	17414.55  	12100.78  
9	32136.74  	2660.10   	17569.21  	11907.43  
10	32000.31  	2562.43   	17479.32  	11958.57  
11	32107.31  	2625.47   	17487.60  	11994.24  
12	32120.81  	2667.44   	17155.71  	12297.66  
13	32095.34  	2618.52   	16877.99  	12598.83  
14	32090.86  	2618.70   	16933.32  	12538.83  
15	32125.26  	2605.76   	16938.18  	12581.32  
16	32102.07  	2678.47   	17204.75  	12218.85  
17	32097.29  	2608.20   	17391.85  	12097.23  
18	32081.14  	2632.06   	17185.79  	12263.28  
19	32090.57  	2602.10   	17448.89  	12039.57  
20	31912.72  	2536.67   	17618.46  	11757.59  
21	32084.48  	2676.42   	17525.22  	11882.84  
22	32076.34  	2672.04   	17526.73  	11877.57  
23	32073.28  	2606.24   	17322.63  	12144.41  
phase_id	 throughput
0	748.3957  	
SchedulerTimeBreakdownReport
thread_id	 explore_time	 next_time	 useful_time	 notify_time	 construct_time	 first_explore_time	 scheduler_switch
0	8169.25   	95.83     	5375.03   	450.49    	7884.00   	3277.74   	0.00      	
1	8540.60   	88.72     	5305.72   	427.70    	7727.37   	3305.85   	0.00      	
2	8508.42   	99.13     	5348.60   	471.00    	7772.91   	3317.77   	0.00      	
3	8541.04   	99.86     	5333.37   	423.45    	7729.55   	3336.15   	0.00      	
4	8369.03   	100.31    	5285.71   	422.88    	7742.22   	3274.59   	0.00      	
5	8396.80   	123.70    	5322.70   	473.06    	7742.23   	3302.27   	0.00      	
6	8142.24   	99.92     	5314.28   	482.46    	7888.90   	3270.82   	0.00      	
7	8107.23   	100.30    	5333.77   	456.35    	7858.67   	3274.17   	0.00      	
8	8461.67   	100.89    	5353.85   	458.77    	7766.89   	3304.91   	0.00      	
9	8642.12   	153.96    	5315.04   	452.22    	7663.93   	3346.66   	0.00      	
10	8538.96   	106.65    	5341.42   	459.45    	7640.16   	3321.17   	0.00      	
11	8622.57   	90.41     	5287.66   	481.45    	7682.71   	3342.48   	0.00      	
12	8244.08   	95.81     	5353.38   	475.58    	7832.29   	3280.34   	0.00      	
13	7915.31   	83.92     	5355.81   	442.10    	7923.99   	3366.95   	0.00      	
14	8076.81   	105.83    	5272.97   	490.04    	7960.33   	3262.40   	0.00      	
15	7849.85   	82.99     	5453.58   	453.50    	7951.30   	3263.78   	0.00      	
16	8247.58   	136.35    	5368.73   	471.19    	7786.58   	3276.54   	0.00      	
17	8405.06   	99.28     	5378.89   	480.35    	7746.64   	3306.43   	0.00      	
18	8260.87   	97.99     	5317.85   	480.81    	7774.78   	3273.33   	0.00      	
19	8496.57   	146.12    	5355.67   	453.58    	7742.29   	3317.94   	0.00      	
20	8659.33   	105.79    	5339.08   	456.06    	7644.94   	3360.77   	0.00      	
21	8626.77   	80.94     	5325.84   	422.21    	7624.33   	3351.54   	0.00      	
22	8647.82   	142.52    	5331.96   	442.95    	7702.28   	3353.33   	0.00      	
23	8383.96   	100.41    	5315.96   	433.67    	7716.21   	3282.67   	0.00      	
