Throughput: 326.1679770204574
AverageTotalTimeBreakdownReport
thread_id	 total_time	 stream_process	 txn_process	 overheads
0	72853.57  	4563.55   	46532.38  	21757.64  
1	72789.70  	4554.42   	47290.52  	20944.77  
2	73480.51  	5042.38   	47514.43  	20923.71  
3	73005.54  	4713.15   	46563.47  	21728.92  
4	73479.72  	5078.27   	45724.44  	22677.00  
5	72821.91  	4546.51   	46171.24  	22104.16  
6	73476.33  	5079.93   	47049.35  	21347.05  
7	73476.32  	5107.61   	47526.95  	20841.76  
8	73003.19  	4644.16   	47722.12  	20636.91  
9	73478.18  	5070.27   	47971.89  	20436.02  
10	72812.00  	4561.26   	47981.14  	20269.60  
11	73472.47  	5085.11   	47544.63  	20842.72  
12	73469.76  	5042.82   	46449.45  	21977.50  
13	72872.94  	4602.54   	47014.94  	21255.46  
14	73452.75  	5029.73   	46996.20  	21426.81  
15	72893.81  	4614.29   	47972.84  	20306.69  
16	73433.52  	5018.36   	47863.92  	20551.24  
17	72941.79  	4589.05   	47684.77  	20667.98  
18	72950.76  	4613.98   	47121.90  	21214.88  
19	73416.72  	5060.64   	46988.11  	21367.98  
20	73391.02  	5076.38   	47999.00  	20315.64  
21	73374.56  	5005.19   	47832.08  	20537.29  
22	72920.91  	4599.23   	46720.73  	21600.95  
23	73375.54  	5055.57   	45527.87  	22792.10  
phase_id	 throughput
0	327.9028  	
SchedulerTimeBreakdownReport
thread_id	 explore_time	 next_time	 useful_time	 notify_time	 construct_time	 first_explore_time	 scheduler_switch
0	32238.48  	207.59    	9301.57   	141.38    	15534.90  	24446.20  	0.00      	
1	33169.83  	197.44    	9161.47   	138.46    	14892.59  	24657.80  	0.00      	
2	33491.06  	228.87    	8979.27   	187.79    	14792.25  	24668.88  	0.00      	
3	32824.48  	196.17    	8835.35   	132.75    	15406.83  	24544.53  	0.00      	
4	31904.69  	196.03    	8863.54   	124.80    	16217.93  	24482.57  	0.00      	
5	32129.43  	205.78    	9086.58   	133.29    	15936.19  	24388.19  	0.00      	
6	33023.26  	205.44    	9094.83   	123.83    	15085.67  	24499.76  	0.00      	
7	33520.45  	197.59    	9059.06   	134.84    	14718.88  	24699.03  	0.00      	
8	33706.78  	205.20    	9057.96   	137.97    	14735.15  	24738.90  	0.00      	
9	34091.05  	196.14    	8968.14   	151.84    	14535.91  	24791.23  	0.00      	
10	33860.96  	202.26    	9188.38   	131.47    	14428.99  	24759.46  	0.00      	
11	33445.15  	191.72    	9158.88   	128.36    	14677.69  	24755.58  	0.00      	
12	32176.85  	203.99    	9309.76   	129.54    	15652.24  	24407.34  	0.00      	
13	32951.58  	212.20    	9106.97   	133.17    	15146.47  	24607.08  	0.00      	
14	32861.90  	192.27    	9180.59   	132.96    	15135.06  	24448.19  	0.00      	
15	33936.42  	203.32    	9119.74   	147.46    	14493.90  	24873.28  	0.00      	
16	33774.04  	202.79    	9163.98   	130.70    	14485.86  	24583.93  	0.00      	
17	33563.90  	203.83    	9184.05   	133.26    	14688.15  	24772.98  	0.00      	
18	33176.73  	210.28    	9034.76   	127.97    	15054.07  	24721.62  	0.00      	
19	33002.88  	206.32    	9089.53   	133.49    	15072.18  	24631.16  	0.00      	
20	33977.97  	195.03    	9055.08   	131.31    	14380.46  	24628.18  	0.00      	
21	33978.46  	194.94    	8898.83   	130.60    	14578.30  	24621.84  	0.00      	
22	32812.20  	194.63    	8968.08   	130.88    	15404.48  	24378.28  	0.00      	
23	31458.78  	217.34    	9117.15   	125.67    	16364.46  	24717.65  	0.00      	
