Throughput: 239.77210761687525
AverageTotalTimeBreakdownReport
thread_id	 total_time	 stream_process	 txn_process	 overheads
0	100089.26 	4242.70   	72036.30  	23810.26  
1	99415.55  	3142.40   	72247.63  	24025.53  
2	100098.31 	3645.29   	74572.21  	21880.81  
3	100080.58 	4197.34   	73557.19  	22326.05  
4	99644.38  	3244.23   	73157.22  	23242.93  
5	100097.00 	3662.40   	73031.80  	23402.79  
6	99645.28  	3168.98   	73722.03  	22754.28  
7	99645.53  	3258.33   	72753.84  	23633.36  
8	99542.90  	3277.73   	72229.34  	24035.83  
9	99488.51  	3012.18   	75359.67  	21116.66  
10	99975.29  	4262.00   	73047.53  	22665.76  
11	99591.04  	3673.04   	73076.68  	22841.32  
12	99134.69  	3581.16   	73299.38  	22254.15  
13	99554.50  	3598.10   	74100.03  	21856.36  
14	99062.94  	3769.85   	71873.46  	23419.63  
15	99547.17  	3604.07   	74366.55  	21576.55  
16	99558.03  	3999.64   	68304.82  	27253.57  
17	99529.17  	4252.88   	72826.54  	22449.74  
18	98860.88  	3103.02   	74445.17  	21312.69  
19	99489.12  	4261.00   	73976.11  	21252.01  
20	99068.86  	3121.94   	74740.59  	21206.33  
21	99482.67  	3669.19   	74715.94  	21097.54  
22	99003.00  	3156.06   	73163.16  	22683.78  
23	99049.90  	3241.50   	72053.87  	23754.54  
phase_id	 throughput
0	241.1430  	
SchedulerTimeBreakdownReport
thread_id	 explore_time	 next_time	 useful_time	 notify_time	 construct_time	 first_explore_time	 scheduler_switch
0	44010.88  	510.91    	22717.87  	383.39    	19414.72  	22919.01  	0.00      	
1	57662.27  	292.10    	9674.63   	224.65    	18943.92  	23078.60  	0.00      	
2	61456.69  	216.26    	8028.93   	167.41    	17422.45  	23256.40  	0.00      	
3	61317.47  	193.33    	7247.87   	151.18    	17296.10  	23297.45  	0.00      	
4	61311.96  	166.44    	6893.06   	115.02    	18085.39  	23302.31  	0.00      	
5	61576.92  	147.98    	6341.74   	107.85    	18142.04  	23167.94  	0.00      	
6	62703.30  	133.50    	6030.86   	96.17     	17732.52  	23400.72  	0.00      	
7	61861.82  	132.65    	5908.26   	94.70     	17753.41  	23046.50  	0.00      	
8	61528.65  	123.44    	5564.50   	92.67     	19157.79  	22946.93  	0.00      	
9	64907.77  	107.61    	5323.70   	81.27     	16347.12  	23343.38  	0.00      	
10	62596.42  	114.38    	5316.32   	89.30     	18257.25  	23314.13  	0.00      	
11	62736.72  	102.21    	5182.53   	77.31     	18374.03  	23266.77  	0.00      	
12	63013.56  	102.67    	5264.11   	80.52     	17287.16  	23265.98  	0.00      	
13	63810.37  	107.22    	5109.94   	78.98     	17763.72  	23402.09  	0.00      	
14	61781.57  	97.07     	4872.28   	75.08     	19034.72  	23090.07  	0.00      	
15	64498.05  	99.64     	4615.03   	87.61     	17233.59  	23393.34  	0.00      	
16	58646.71  	94.43     	4410.91   	70.55     	22739.71  	23318.32  	0.00      	
17	63777.23  	205.28    	3785.45   	63.05     	18078.50  	23004.62  	0.00      	
18	65607.32  	97.51     	3735.89   	83.97     	16990.77  	23303.03  	0.00      	
19	65421.71  	93.85     	3319.26   	67.97     	16812.05  	23114.02  	0.00      	
20	66627.57  	80.39     	3000.72   	57.65     	16958.15  	23246.43  	0.00      	
21	66742.18  	71.09     	2689.04   	51.01     	16141.23  	23085.46  	0.00      	
22	65671.36  	58.34     	2292.05   	43.16     	17296.84  	23125.61  	0.00      	
23	65132.44  	49.80     	1762.58   	35.67     	18328.32  	23007.39  	0.00      	
