Throughput: 780.6842664240777
AverageTotalTimeBreakdownReport
thread_id	 total_time	 stream_process	 txn_process	 overheads
0	30695.66  	2003.72   	15160.09  	13531.85  
1	30624.28  	2150.36   	14902.86  	13571.06  
2	30626.11  	2058.60   	15785.28  	12782.23  
3	30640.51  	2097.75   	15801.99  	12740.77  
4	30586.36  	2032.56   	15633.17  	12920.62  
5	30721.53  	2074.36   	15297.50  	13349.67  
6	30716.06  	2080.25   	15189.20  	13446.61  
7	30691.21  	2013.32   	15587.43  	13090.46  
8	30633.50  	2074.46   	15449.29  	13109.75  
9	30640.12  	2097.87   	14729.12  	13813.13  
10	30626.64  	2095.88   	14960.45  	13570.31  
11	30710.89  	1975.62   	15416.68  	13318.59  
12	30713.54  	2009.78   	15502.19  	13201.56  
13	30623.31  	2083.15   	15011.87  	13528.29  
14	30622.54  	2009.78   	15731.58  	12881.17  
15	30613.56  	2080.82   	15488.97  	13043.77  
16	30626.27  	2104.73   	15568.52  	12953.01  
17	30684.53  	2034.80   	15120.86  	13528.86  
18	30596.90  	2026.90   	15402.65  	13167.35  
19	30579.65  	2075.99   	15303.35  	13200.30  
20	30575.38  	2071.15   	15594.78  	12909.45  
21	30567.03  	2030.29   	15757.34  	12779.41  
22	30577.27  	2055.04   	15653.85  	12868.39  
23	30539.03  	2056.83   	15556.52  	12925.69  
phase_id	 throughput
0	783.4286  	
SchedulerTimeBreakdownReport
thread_id	 explore_time	 next_time	 useful_time	 notify_time	 construct_time	 first_explore_time	 scheduler_switch
0	5921.99   	10.99     	6716.61   	13.39     	8254.21   	1948.37   	0.00      	
1	5733.52   	9.59      	6675.42   	14.59     	8397.40   	1955.68   	0.00      	
2	6569.59   	8.46      	6702.94   	13.86     	8078.39   	2081.23   	0.00      	
3	6556.19   	8.32      	6750.13   	14.77     	8101.26   	2118.53   	0.00      	
4	6409.73   	10.38     	6705.37   	16.85     	8082.01   	2098.22   	0.00      	
5	6095.54   	9.09      	6741.21   	13.86     	8196.08   	1973.83   	0.00      	
6	5960.94   	9.70      	6743.93   	14.26     	8264.10   	1962.43   	0.00      	
7	6389.29   	10.99     	6702.22   	13.96     	8146.61   	2082.85   	0.00      	
8	6226.55   	8.80      	6714.10   	13.28     	8199.32   	1981.08   	0.00      	
9	5546.86   	11.29     	6708.65   	14.81     	8393.96   	2094.63   	0.00      	
10	5716.51   	9.38      	6732.85   	14.25     	8270.45   	2006.81   	0.00      	
11	6136.93   	10.08     	6768.91   	14.30     	8081.98   	1985.08   	0.00      	
12	6189.48   	8.81      	6792.44   	13.96     	8102.38   	2037.76   	0.00      	
13	5801.93   	8.28      	6697.42   	13.69     	8348.41   	1988.63   	0.00      	
14	6466.23   	9.82      	6720.05   	13.83     	8070.53   	2096.75   	0.00      	
15	6200.66   	9.43      	6767.62   	14.86     	8145.23   	2065.29   	0.00      	
16	6365.58   	9.51      	6734.18   	13.92     	8148.24   	2020.46   	0.00      	
17	5887.30   	9.45      	6724.25   	15.25     	8318.25   	2011.08   	0.00      	
18	6133.58   	9.55      	6733.53   	13.91     	8167.18   	1939.60   	0.00      	
19	6115.46   	10.39     	6713.46   	13.17     	8174.43   	1937.42   	0.00      	
20	6333.32   	9.19      	6789.30   	45.89     	8080.35   	2098.21   	0.00      	
21	6527.18   	9.65      	6714.41   	17.74     	8052.68   	2086.89   	0.00      	
22	6540.46   	12.87     	6619.38   	40.68     	8105.58   	2105.97   	0.00      	
23	6424.93   	11.42     	6634.07   	40.21     	8138.77   	2108.80   	0.00      	
