Throughput: 62.72033210586723
AverageTotalTimeBreakdownReport
thread_id	 total_time	 stream_process	 txn_process	 overheads
0	382645.95 	148.15    	214388.57 	168109.23 
1	382657.19 	162.46    	214297.06 	168197.67 
2	382656.02 	149.06    	214277.43 	168229.53 
3	382655.05 	154.57    	214286.58 	168213.90 
4	382654.88 	157.32    	214224.76 	168272.79 
5	382656.27 	158.29    	214215.44 	168282.54 
6	382655.97 	150.37    	214270.15 	168235.46 
7	382651.53 	147.02    	214258.65 	168245.85 
8	382652.31 	145.88    	214270.17 	168236.26 
9	382651.73 	156.75    	214303.05 	168191.93 
10	382649.22 	156.84    	214293.62 	168198.75 
11	382648.40 	172.01    	214260.15 	168216.25 
12	382648.74 	172.93    	214261.38 	168214.42 
13	382648.34 	154.24    	214262.38 	168231.72 
14	382646.80 	151.60    	214259.81 	168235.39 
15	382645.40 	151.45    	214293.28 	168200.67 
16	382644.56 	156.30    	214289.49 	168198.77 
17	382645.04 	168.37    	214281.43 	168195.24 
18	382644.45 	159.66    	214265.90 	168218.89 
19	382643.46 	157.41    	214327.57 	168158.47 
20	382641.01 	154.45    	214340.10 	168146.47 
21	382640.51 	153.31    	214308.10 	168179.10 
22	382640.93 	155.61    	214323.56 	168161.75 
23	382640.17 	163.00    	214289.18 	168187.98 
phase_id	 throughput
0	94.6367   	
1	100.2467  	
2	99.5454   	
3	101.3166  	
4	101.4035  	
5	89.8391   	
6	73.6217   	
7	48.0997   	
8	43.0738   	
9	38.1575   	
10	43.6479   	
11	50.3245   	
12	51.9761   	
TransactionBreakdownRatioReport
thread_id	 index_ratio	 useful_ratio	 sync_ratio	 lock_ratio
0	178.70    	19861.28  	192730.72 	18592.41  	
1	192.70    	19863.06  	192584.23 	18494.27  	
2	187.36    	19859.90  	192588.69 	18547.54  	
3	188.73    	19842.34  	192592.50 	18584.85  	
4	191.23    	19859.60  	192457.59 	18543.57  	
5	190.86    	19881.33  	192408.65 	18565.53  	
6	190.84    	19871.98  	192516.83 	18603.25  	
7	186.30    	19885.00  	192481.91 	18588.67  	
8	186.12    	19864.66  	192555.93 	18549.61  	
9	183.32    	19810.39  	192729.87 	18608.30  	
10	184.62    	19847.48  	192683.39 	18526.15  	
11	186.29    	19869.85  	192612.58 	18579.93  	
12	186.59    	19849.00  	192618.87 	18574.52  	
13	181.09    	19863.11  	192624.44 	18538.55  	
14	180.66    	19817.85  	192676.84 	18561.38  	
15	182.37    	19825.35  	192700.82 	18540.89  	
16	183.42    	19884.48  	192638.08 	18461.99  	
17	187.19    	19859.34  	192638.50 	18595.47  	
18	188.35    	19848.05  	192634.28 	18556.34  	
19	182.97    	19890.12  	192615.64 	18560.38  	
20	183.15    	19869.75  	192676.74 	18583.56  	
21	182.75    	19820.03  	192708.52 	18522.99  	
22	188.69    	19844.91  	192682.28 	18530.63  	
23	192.50    	19938.10  	192521.08 	18530.24  	
