Throughput: 305.1789330606489
AverageTotalTimeBreakdownReport
thread_id	 total_time	 stream_process	 txn_process	 overheads
0	78126.59  	3910.90   	51764.25  	22451.45  
1	78558.89  	4437.41   	51860.52  	22260.95  
2	78561.79  	4345.42   	52599.87  	21616.50  
3	78086.84  	3769.70   	52228.21  	22088.92  
4	78126.07  	3848.07   	52554.23  	21723.77  
5	78560.54  	4303.64   	52205.31  	22051.60  
6	78117.99  	3823.06   	52105.30  	22189.63  
7	78561.21  	4322.10   	51817.86  	22421.24  
8	78070.48  	3804.97   	52843.34  	21422.16  
9	77670.62  	3928.55   	52889.03  	20853.04  
10	78055.44  	3829.89   	51822.99  	22402.56  
11	78540.29  	4283.80   	52597.26  	21659.23  
12	78524.08  	4435.90   	52140.65  	21947.53  
13	78525.12  	4267.72   	51445.28  	22812.12  
14	78045.06  	3806.34   	52214.36  	22024.36  
15	78504.03  	4320.81   	52212.23  	21970.99  
16	78469.92  	4270.08   	51958.22  	22241.62  
17	77930.81  	3952.11   	52187.35  	21791.34  
18	78451.19  	4334.47   	52519.05  	21597.67  
19	78006.92  	3996.57   	52001.55  	22008.80  
20	77983.31  	4004.59   	52343.06  	21635.67  
21	78384.75  	4390.01   	52989.30  	21005.44  
22	78361.63  	4365.92   	52509.33  	21486.38  
23	78406.40  	4280.99   	52681.53  	21443.89  
phase_id	 throughput
0	306.6097  	
SchedulerTimeBreakdownReport
thread_id	 explore_time	 next_time	 useful_time	 notify_time	 construct_time	 first_explore_time	 scheduler_switch
0	27152.13  	140.65    	19371.49  	1126.04   	15284.48  	8719.13   	0.00      	
1	40194.08  	76.55     	6657.85   	427.22    	15146.60  	6181.46   	0.00      	
2	42288.35  	120.07    	5247.34   	380.31    	14646.14  	5562.45   	0.00      	
3	42259.81  	93.02     	4783.63   	355.35    	14906.94  	5263.56   	0.00      	
4	42943.33  	71.49     	4478.52   	352.66    	14705.78  	5232.03   	0.00      	
5	42720.32  	86.54     	4326.53   	325.00    	14944.24  	5105.97   	0.00      	
6	42833.35  	96.51     	4135.30   	321.37    	15028.00  	5041.45   	0.00      	
7	42590.43  	89.73     	4047.55   	317.39    	15295.41  	4917.72   	0.00      	
8	43769.65  	279.62    	3890.50   	314.50    	14504.86  	4872.74   	0.00      	
9	44055.65  	343.16    	3834.08   	294.43    	14298.76  	4708.50   	0.00      	
10	42823.66  	345.11    	3807.59   	294.51    	15286.53  	4425.42   	0.00      	
11	43616.06  	352.43    	3789.71   	289.55    	14664.87  	4438.99   	0.00      	
12	43363.04  	5475.85   	3712.96   	298.34    	14814.57  	4225.70   	0.00      	
13	42513.43  	5505.35   	3718.73   	282.92    	15687.89  	4365.11   	0.00      	
14	43479.86  	5223.06   	3536.65   	296.64    	14877.33  	4055.23   	0.00      	
15	43697.47  	5297.84   	3357.69   	288.06    	14950.05  	3939.10   	0.00      	
16	43819.55  	5806.68   	2912.52   	278.94    	15105.00  	3831.63   	0.00      	
17	44650.43  	5448.11   	2476.40   	277.93    	14837.16  	3776.99   	0.00      	
18	45005.32  	5695.31   	2337.52   	276.86    	14644.53  	3771.60   	0.00      	
19	44825.29  	5644.79   	2075.40   	256.24    	14987.56  	3597.30   	0.00      	
20	45363.34  	5757.39   	1922.07   	167.24    	14539.59  	3510.37   	0.00      	
21	46188.93  	5892.83   	1683.18   	130.56    	14168.94  	3645.14   	0.00      	
22	45992.68  	6537.55   	1436.17   	83.81     	14525.61  	3528.78   	0.00      	
23	46157.54  	6804.33   	1294.79   	61.40     	14684.68  	3434.81   	0.00      	
