Throughput: 420.67957827967797
AverageTotalTimeBreakdownReport
thread_id	 total_time	 stream_process	 txn_process	 overheads
0	56828.31  	4570.52   	29683.76  	22574.04  
1	56756.22  	4543.51   	30020.25  	22192.46  
2	56823.33  	4779.64   	30300.74  	21742.95  
3	56813.52  	4671.93   	29928.24  	22213.34  
4	56739.59  	4788.14   	29987.56  	21963.90  
5	56924.68  	4681.49   	30005.04  	22238.15  
6	56923.42  	4674.12   	30000.58  	22248.72  
7	56790.56  	4808.47   	30158.47  	21823.62  
8	56823.21  	4554.71   	30240.41  	22028.09  
9	56916.68  	4695.54   	30461.67  	21759.47  
10	56799.36  	4713.32   	29746.91  	22339.14  
11	56909.03  	4762.02   	30346.52  	21800.48  
12	56898.52  	4663.33   	29893.79  	22341.41  
13	56875.69  	4698.97   	30051.62  	22125.11  
14	56885.48  	4699.90   	30710.44  	21475.14  
15	56832.18  	4662.11   	30565.52  	21604.55  
16	56721.64  	4554.18   	30190.89  	21976.58  
17	56699.16  	4574.58   	29948.72  	22175.87  
18	56789.84  	4695.29   	29729.63  	22364.91  
19	56681.16  	4650.42   	29416.50  	22614.24  
20	56687.02  	4593.83   	30122.05  	21971.14  
21	56708.29  	4580.88   	30159.51  	21967.90  
22	56667.16  	4577.54   	30089.72  	21999.90  
23	56776.57  	4644.19   	29887.57  	22244.80  
phase_id	 throughput
0	422.5142  	
SchedulerTimeBreakdownReport
thread_id	 explore_time	 next_time	 useful_time	 notify_time	 construct_time	 first_explore_time	 scheduler_switch
0	17578.70  	937.10    	6952.32   	353.06    	16716.39  	7086.83   	0.00      	
1	18218.32  	1059.24   	6679.02   	344.28    	16497.81  	7111.18   	0.00      	
2	18487.84  	1142.66   	6722.20   	324.81    	16092.48  	7223.02   	0.00      	
3	18096.46  	1059.21   	6727.49   	401.76    	16350.21  	7083.13   	0.00      	
4	18248.29  	1084.52   	6613.12   	364.53    	16326.14  	7100.34   	0.00      	
5	18397.13  	1080.21   	6490.66   	335.87    	16415.48  	7118.48   	0.00      	
6	18499.87  	1139.37   	6335.72   	407.28    	16460.91  	7116.10   	0.00      	
7	19215.97  	1723.03   	5886.97   	286.83    	16262.18  	7171.55   	0.00      	
8	19175.94  	1539.67   	5949.28   	407.60    	16288.02  	7227.55   	0.00      	
9	19612.80  	1579.12   	5720.98   	379.74    	16193.32  	7222.84   	0.00      	
10	18906.99  	1756.22   	5757.08   	377.18    	16428.62  	7076.38   	0.00      	
11	19125.48  	1697.32   	6126.89   	349.89    	16079.46  	7215.67   	0.00      	
12	18552.93  	1786.72   	6232.30   	378.64    	16688.25  	7090.18   	0.00      	
13	19022.39  	1830.87   	5962.83   	335.63    	16376.39  	7128.76   	0.00      	
14	19719.33  	1931.39   	5818.40   	369.73    	15824.93  	7242.80   	0.00      	
15	19915.19  	1802.48   	5541.06   	308.46    	15993.63  	7236.52   	0.00      	
16	19483.74  	1271.95   	5608.35   	391.19    	16252.65  	7164.55   	0.00      	
17	18829.70  	592.19    	6011.29   	354.77    	16534.49  	7109.95   	0.00      	
18	18353.68  	199.88    	6314.43   	327.83    	16649.54  	7075.17   	0.00      	
19	17624.94  	432.01    	6744.64   	277.54    	16871.34  	7247.43   	0.00      	
20	18385.32  	455.11    	6653.61   	282.31    	16370.97  	7153.89   	0.00      	
21	18516.48  	634.45    	6553.03   	356.78    	16438.68  	7156.13   	0.00      	
22	18546.00  	671.04    	6467.98   	314.99    	16445.47  	7138.44   	0.00      	
23	18042.26  	969.15    	6734.35   	323.95    	16704.02  	7086.02   	0.00      	
