Throughput: 56.9884966975984
AverageTotalTimeBreakdownReport
thread_id	 total_time	 stream_process	 txn_process	 overheads
0	364611.18 	161.09    	181986.48 	182463.61 
1	364613.09 	166.38    	181912.92 	182533.79 
2	364614.56 	172.62    	181924.84 	182517.10 
3	364614.42 	173.31    	181929.94 	182511.17 
4	364614.62 	172.97    	181933.42 	182508.23 
5	364614.55 	177.33    	181899.47 	182537.75 
6	364614.87 	175.23    	181851.06 	182588.58 
7	364615.05 	171.26    	181897.09 	182546.71 
8	364613.40 	181.87    	181870.04 	182561.49 
9	364615.09 	169.67    	181855.59 	182589.84 
10	364615.36 	169.93    	181905.93 	182539.50 
11	364613.12 	174.55    	181886.43 	182552.14 
12	364613.96 	218.69    	181906.98 	182488.28 
13	364612.19 	172.11    	181874.47 	182565.61 
14	364613.02 	171.70    	181929.15 	182512.16 
15	364609.39 	216.81    	181935.97 	182456.62 
16	364609.26 	173.07    	181870.98 	182565.21 
17	364608.76 	172.64    	181913.81 	182522.31 
18	364608.01 	174.00    	181889.35 	182544.67 
19	364596.67 	181.46    	181901.90 	182513.30 
phase_id	 throughput
0	83.0491   	
1	81.5454   	
2	82.8589   	
3	81.2580   	
4	81.5354   	
5	77.9090   	
6	69.8958   	
7	62.3452   	
8	47.4463   	
9	41.1262   	
10	38.0134   	
11	34.9641   	
12	39.2993   	
13	43.2249   	
14	48.8923   	
TransactionBreakdownRatioReport
thread_id	 index_ratio	 useful_ratio	 sync_ratio	 lock_ratio
0	195.59    	20249.91  	160066.23 	18768.88  	
1	200.41    	20257.68  	159960.80 	18604.35  	
2	192.79    	20226.80  	160018.02 	18669.07  	
3	194.19    	20298.39  	159938.76 	18752.70  	
4	192.30    	20215.07  	160070.47 	18685.86  	
5	185.57    	20212.50  	159981.94 	18775.08  	
6	181.77    	20278.01  	159847.26 	18746.85  	
7	193.94    	20226.17  	159926.50 	18681.72  	
8	188.23    	20228.76  	159950.23 	18606.80  	
9	186.37    	20211.62  	159983.11 	18651.16  	
10	185.34    	20209.05  	160036.93 	18713.19  	
11	180.27    	20231.96  	159963.03 	18610.08  	
12	181.78    	20221.19  	159971.89 	18609.83  	
13	189.42    	20367.25  	159779.06 	18619.06  	
14	188.72    	20254.35  	159993.75 	18711.67  	
15	183.91    	20308.82  	159972.12 	18726.50  	
16	187.04    	20315.18  	159882.24 	18682.12  	
17	184.50    	20181.55  	160034.47 	18733.98  	
18	185.19    	20235.14  	159893.01 	18652.75  	
19	194.65    	20261.21  	159922.79 	18747.50  	
