Throughput: 3.2627497839170205
AverageTotalTimeBreakdownReport
thread_id	 total_time	 stream_process	 txn_process	 overheads
0	306488.57 	8760.27   	297481.12 	247.18    
phase_id	 throughput
0	3.1640    	
1	3.2234    	
2	3.2308    	
3	2.8053    	
4	3.0149    	
5	3.2475    	
6	3.2545    	
7	3.3606    	
8	3.3694    	
9	3.3703    	
10	3.3651    	
11	3.3769    	
12	3.3711    	
13	3.3388    	
14	2.6654    	
15	3.2865    	
16	3.2798    	
17	3.2682    	
18	3.3165    	
19	3.3180    	
20	3.3261    	
21	3.3169    	
22	3.3512    	
23	3.3901    	
24	3.3913    	
25	3.4787    	
26	2.0901    	
27	3.0801    	
28	3.0266    	
29	3.0411    	
30	3.0469    	
31	3.0451    	
32	2.5255    	
33	2.4679    	
34	2.5942    	
35	3.4734    	
36	3.3515    	
37	3.6732    	
38	3.6523    	
39	3.8550    	
40	3.8338    	
41	3.7603    	
42	3.7740    	
43	3.8468    	
44	3.8817    	
45	3.8599    	
46	3.8795    	
47	3.8567    	
48	3.8783    	
49	3.8783    	
50	3.8732    	
51	3.9301    	
52	3.9997    	
53	3.9501    	
54	3.9636    	
55	3.1598    	
56	2.4843    	
57	3.6332    	
58	4.2886    	
59	4.3632    	
60	4.4019    	
61	4.4351    	
62	4.4212    	
63	2.6181    	
64	2.9786    	
65	3.1751    	
66	4.0122    	
67	3.9592    	
68	3.9873    	
69	3.9543    	
70	3.9486    	
71	3.8330    	
72	3.4790    	
73	3.2741    	
74	3.7577    	
75	3.8270    	
76	3.2896    	
77	2.8203    	
78	3.6845    	
79	3.7141    	
80	3.6883    	
81	3.7019    	
82	3.7950    	
83	3.7871    	
84	3.7916    	
85	3.7314    	
86	3.7912    	
87	3.2328    	
88	2.6029    	
89	3.1953    	
90	4.1909    	
91	4.2442    	
92	4.2094    	
93	4.1793    	
94	4.1160    	
95	4.1848    	
96	4.1940    	
97	4.1774    	
98	4.1798    	
99	4.1807    	
100	4.2627    	
101	4.2273    	
102	2.3505    	
103	3.9814    	
104	4.1145    	
105	4.0820    	
106	4.0863    	
107	4.0932    	
108	4.0981    	
109	4.1240    	
110	4.0584    	
111	4.0230    	
112	4.0351    	
113	3.9715    	
114	4.0325    	
115	3.9429    	
116	3.3662    	
117	2.8956    	
118	3.2592    	
119	3.8365    	
120	3.8600    	
121	3.9980    	
122	4.1191    	
123	4.1617    	
124	4.1435    	
125	4.1453    	
126	4.0662    	
127	4.0452    	
128	4.0386    	
129	4.1036    	
130	4.0870    	
131	4.0856    	
132	4.0733    	
133	4.1028    	
134	4.0537    	
135	4.0351    	
136	4.0256    	
137	4.0443    	
138	4.0202    	
139	4.0477    	
140	4.0129    	
141	4.0987    	
142	4.0065    	
143	2.8191    	
144	4.0473    	
145	4.0505    	
146	4.0519    	
147	4.0802    	
148	4.0498    	
149	4.0500    	
150	3.9677    	
151	3.7932    	
152	3.3250    	
153	3.2305    	
154	3.6738    	
155	4.0158    	
156	4.0450    	
157	4.0233    	
158	3.9688    	
159	3.9194    	
160	3.9391    	
161	3.9198    	
162	3.9954    	
163	4.0040    	
164	3.9787    	
165	3.9834    	
166	3.9687    	
167	3.9320    	
168	3.5776    	
169	3.6009    	
170	3.6445    	
171	3.6641    	
172	3.6323    	
173	3.6649    	
174	3.6543    	
175	3.6724    	
176	3.0838    	
177	2.8319    	
178	3.8196    	
179	3.8463    	
180	3.8747    	
181	3.8270    	
182	2.6701    	
183	3.6354    	
184	3.6624    	
185	3.6532    	
186	3.6285    	
187	3.6451    	
188	3.6493    	
189	3.6392    	
190	3.5349    	
191	3.4797    	
192	3.3942    	
193	3.3627    	
194	2.9497    	
195	2.5922    	
196	2.9685    	
197	3.3643    	
198	3.4266    	
199	3.4625    	
200	3.4646    	
201	3.4925    	
202	3.5511    	
203	3.5120    	
204	3.4900    	
205	3.4816    	
206	3.4679    	
207	3.4562    	
208	3.4405    	
209	3.4426    	
210	3.4469    	
211	3.4329    	
212	3.4152    	
213	3.4167    	
214	3.4251    	
215	3.4315    	
216	3.3457    	
217	3.3310    	
218	3.3655    	
219	3.3676    	
220	3.3740    	
221	3.3492    	
222	2.5156    	
223	3.4056    	
224	3.3883    	
225	3.4052    	
226	3.3851    	
227	3.3497    	
228	3.3556    	
229	3.2726    	
230	2.6849    	
231	2.9641    	
232	3.2961    	
233	3.3476    	
234	3.2787    	
235	3.2939    	
236	3.2179    	
237	3.1904    	
238	3.1994    	
239	3.1958    	
240	2.6357    	
241	2.7203    	
242	2.7431    	
243	2.7117    	
244	2.7029    	
245	2.6842    	
246	2.7024    	
247	2.6953    	
248	2.6948    	
249	2.7162    	
250	2.7032    	
251	2.7155    	
252	2.7365    	
253	2.7881    	
254	2.7857    	
255	2.7936    	
256	2.7846    	
257	2.7963    	
258	2.1759    	
259	2.5343    	
260	2.8164    	
261	2.7250    	
262	2.6631    	
263	2.6076    	
264	2.2619    	
265	2.0464    	
266	2.0284    	
267	1.7718    	
268	2.7104    	
269	2.6857    	
270	2.6766    	
271	2.6731    	
272	2.6268    	
273	2.6143    	
274	2.5900    	
275	2.3687    	
276	2.5855    	
277	2.4912    	
278	2.3393    	
279	2.6017    	
280	2.5870    	
281	2.5535    	
282	2.5705    	
283	2.5148    	
284	2.4862    	
285	2.4840    	
286	2.5564    	
287	2.6016    	
288	2.6519    	
289	2.6551    	
290	2.6977    	
291	2.6872    	
292	2.5169    	
293	2.6037    	
294	2.4371    	
295	2.5821    	
296	2.7034    	
297	2.6683    	
298	2.6898    	
299	2.6765    	
300	2.6675    	
301	2.6529    	
302	2.6625    	
303	2.6491    	
304	2.6542    	
305	2.6298    	
306	2.6352    	
307	2.5688    	
308	2.5714    	
309	2.4748    	
310	2.4368    	
311	2.4287    	
SchedulerTimeBreakdownReport
thread_id	 explore_time	 next_time	 useful_time	 notify_time	 construct_time	 first_explore_time	 scheduler_switch
0	262779.69 	772.15    	34514.10  	245.61    	4917.68   	31148.38  	0.10      	
