Throughput: 52.66247666282905
AverageTotalTimeBreakdownReport
thread_id	 total_time	 stream_process	 txn_process	 overheads
0	455727.03 	279.51    	352537.89 	102909.63 
1	455730.56 	285.00    	352407.58 	103037.98 
2	455730.73 	286.88    	352383.71 	103060.15 
3	455728.65 	277.84    	352390.84 	103059.97 
4	455721.40 	293.09    	352380.44 	103047.86 
5	455730.74 	288.16    	352385.97 	103056.62 
6	455730.65 	300.07    	352392.51 	103038.07 
7	455728.85 	294.10    	352499.31 	102935.44 
8	455730.61 	295.19    	352399.86 	103035.55 
9	455729.88 	285.50    	352460.27 	102984.11 
10	455727.80 	279.68    	352492.36 	102955.75 
11	455726.34 	274.87    	352469.33 	102982.15 
12	455726.49 	287.62    	352465.75 	102973.12 
13	455725.84 	292.42    	352481.61 	102951.81 
14	455725.09 	288.67    	352504.32 	102932.09 
15	455724.66 	298.41    	352501.82 	102924.43 
16	455721.48 	282.25    	352480.11 	102959.11 
17	455722.56 	297.04    	352464.39 	102961.13 
18	455721.79 	309.42    	352471.29 	102941.09 
19	455721.09 	288.57    	352486.87 	102945.65 
20	455720.14 	282.15    	352484.42 	102953.57 
21	455717.58 	279.92    	352497.02 	102940.64 
22	455719.33 	303.64    	352405.17 	103010.52 
23	455717.92 	307.96    	352464.43 	102945.53 
phase_id	 throughput
0	97.9438   	
1	117.5120  	
2	102.7445  	
3	111.4027  	
4	102.6118  	
5	78.0999   	
6	56.2841   	
7	37.7801   	
8	32.4265   	
9	27.4450   	
10	32.6145   	
11	39.6480   	
12	51.3402   	
TransactionBreakdownRatioReport
thread_id	 index_ratio	 useful_ratio	 sync_ratio	 lock_ratio
0	184.59    	25654.24  	325489.06 	23461.24  	
1	190.22    	25582.05  	325279.92 	23331.16  	
2	187.98    	25573.69  	325263.29 	23344.14  	
3	183.74    	25552.54  	325248.71 	23293.24  	
4	178.20    	25597.22  	325199.17 	23298.14  	
5	181.24    	25589.53  	325138.54 	23335.34  	
6	174.57    	25577.12  	325154.74 	23379.56  	
7	178.62    	25526.74  	325336.00 	23316.59  	
8	177.04    	25527.80  	325255.12 	23323.06  	
9	175.86    	25546.02  	325446.35 	23359.35  	
10	171.70    	25490.53  	325611.25 	23342.97  	
11	169.91    	25553.30  	325496.72 	23308.90  	
12	169.68    	25540.92  	325504.43 	23368.20  	
13	175.79    	25584.31  	325475.34 	23325.68  	
14	175.42    	25589.97  	325518.67 	23363.67  	
15	171.68    	25524.93  	325598.39 	23317.56  	
16	171.51    	25513.26  	325571.39 	23324.18  	
17	170.88    	25587.33  	325462.95 	23438.15  	
18	167.91    	25504.71  	325567.85 	23330.37  	
19	173.17    	25567.43  	325512.25 	23325.74  	
20	175.17    	25510.01  	325530.17 	23313.24  	
21	176.14    	25643.56  	325341.49 	23355.75  	
22	170.25    	25633.05  	325170.04 	23456.56  	
23	170.04    	25551.35  	325310.99 	23432.65  	
