Throughput: 62.111762181460776
AverageTotalTimeBreakdownReport
thread_id	 total_time	 stream_process	 txn_process	 overheads
0	386392.93 	183.60    	285477.81 	100731.52 
1	386402.19 	218.40    	285362.24 	100821.54 
2	386403.37 	214.39    	285343.85 	100845.13 
3	386400.76 	214.30    	285360.21 	100826.24 
4	386401.17 	210.63    	285355.04 	100835.50 
5	386403.41 	213.42    	285369.25 	100820.74 
6	386402.99 	216.12    	285394.85 	100792.02 
7	386400.47 	211.02    	285364.06 	100825.39 
8	386402.29 	214.51    	285365.64 	100822.14 
9	386399.71 	208.00    	285417.97 	100773.74 
10	386396.94 	187.95    	285410.87 	100798.13 
11	386398.20 	187.64    	285415.02 	100795.54 
12	386398.63 	188.15    	285413.64 	100796.84 
13	386398.09 	186.50    	285431.34 	100780.25 
14	386397.52 	186.14    	285405.09 	100806.29 
15	386397.36 	188.29    	285420.59 	100788.49 
16	386394.97 	185.07    	285406.45 	100803.45 
17	386396.47 	191.69    	285443.34 	100761.45 
18	386395.86 	190.97    	285431.69 	100773.20 
19	386395.27 	184.85    	285438.62 	100771.79 
20	386392.62 	189.06    	285444.85 	100758.70 
21	386391.16 	184.22    	285443.34 	100763.59 
22	386392.34 	208.91    	285427.10 	100756.33 
23	386391.75 	224.11    	285447.27 	100720.37 
phase_id	 throughput
0	112.5362  	
1	135.3315  	
2	141.2263  	
3	146.1111  	
4	121.5349  	
5	93.0542   	
6	68.0138   	
7	43.6741   	
8	39.1030   	
9	30.8970   	
10	38.5457   	
11	46.8113   	
12	57.8716   	
TransactionBreakdownRatioReport
thread_id	 index_ratio	 useful_ratio	 sync_ratio	 lock_ratio
0	165.69    	20156.76  	263883.70 	18329.39  	
1	173.56    	20144.77  	263579.86 	18227.41  	
2	179.06    	20152.80  	263535.34 	18233.06  	
3	179.53    	20164.43  	263566.89 	18298.79  	
4	180.68    	20154.89  	263568.07 	18274.37  	
5	183.90    	20185.14  	263537.60 	18300.99  	
6	179.08    	20125.45  	263639.33 	18335.06  	
7	177.63    	20119.35  	263584.49 	18220.01  	
8	173.25    	20099.03  	263621.94 	18213.55  	
9	168.52    	20119.75  	263848.83 	18254.06  	
10	174.78    	20131.02  	263870.23 	18199.87  	
11	172.65    	20114.25  	263897.30 	18223.39  	
12	173.13    	20160.58  	263833.91 	18272.75  	
13	168.92    	20136.32  	263894.61 	18268.96  	
14	164.89    	20117.51  	263902.61 	18257.69  	
15	168.95    	20159.84  	263843.35 	18279.30  	
16	164.43    	20177.89  	263833.37 	18215.10  	
17	180.11    	20189.03  	263732.26 	18320.56  	
18	173.38    	20147.93  	263814.99 	18296.29  	
19	166.54    	20110.17  	263900.27 	18293.84  	
20	165.30    	20093.55  	263945.82 	18269.68  	
21	169.15    	20244.32  	263714.97 	18257.23  	
22	173.09    	20209.72  	263597.45 	18341.95  	
23	177.45    	20140.31  	263695.42 	18346.43  	
