Throughput: 175.399929628629
AverageTotalTimeBreakdownReport
thread_id	 total_time	 stream_process	 txn_process	 overheads
0	136802.71 	16317.81  	118988.07 	1496.83   
1	136838.50 	16343.15  	118764.04 	1731.32   
2	136837.97 	16415.58  	118893.02 	1529.37   
3	136808.55 	16327.86  	118952.67 	1528.02   
4	136838.34 	16468.06  	118847.03 	1523.25   
5	136830.30 	16474.41  	118801.08 	1554.81   
6	136813.94 	16985.51  	118236.89 	1591.53   
7	136807.78 	16512.95  	118737.69 	1557.15   
8	136807.02 	16535.98  	118718.41 	1552.63   
9	136806.96 	16319.29  	118956.38 	1531.29   
10	136805.93 	16714.37  	118545.55 	1546.01   
11	136805.13 	16413.76  	118843.11 	1548.26   
12	136829.12 	16470.10  	118704.50 	1654.52   
13	136801.09 	16239.19  	118996.63 	1565.26   
14	136814.65 	16454.63  	118791.79 	1568.24   
15	136844.73 	16487.63  	118789.32 	1567.78   
16	136828.62 	16335.74  	118944.79 	1548.08   
17	136795.32 	16535.92  	118711.91 	1547.49   
18	136802.01 	16626.87  	118605.20 	1569.95   
19	136793.29 	16619.98  	118604.07 	1569.24   
20	136789.56 	16841.56  	118399.30 	1548.70   
21	136789.71 	16340.70  	118920.64 	1528.37   
22	136788.14 	16456.63  	118789.08 	1542.43   
23	136788.40 	16978.02  	118232.40 	1577.98   
phase_id	 throughput
0	229.0615  	
1	250.7385  	
2	361.8214  	
3	378.9020  	
4	291.9986  	
5	193.6361  	
6	174.0383  	
7	126.7557  	
8	128.9375  	
9	115.2949  	
10	123.9153  	
11	141.3275  	
12	152.6777  	
SchedulerTimeBreakdownReport
thread_id	 explore_time	 next_time	 useful_time	 notify_time	 construct_time	 first_explore_time	 scheduler_switch
0	70650.17  	277.17    	47413.25  	446.73    	10619.73  	11503.19  	5.47      	
1	62392.48  	322.64    	55410.48  	509.46    	10876.03  	12288.62  	35.49     	
2	64511.16  	360.61    	53388.26  	494.24    	10937.04  	12455.99  	30.56     	
3	63831.00  	1812.68   	54221.12  	488.96    	10770.46  	12830.05  	34.74     	
4	83398.27  	12786.32  	34528.86  	340.47    	10850.41  	10664.58  	35.33     	
5	88258.09  	19122.32  	29618.79  	297.97    	11043.86  	10202.91  	34.93     	
6	90600.14  	13227.78  	26595.05  	276.86    	11290.43  	9947.37   	32.62     	
7	93375.82  	16698.93  	24354.03  	257.20    	11000.35  	9915.46   	33.55     	
8	95098.72  	14740.37  	22755.45  	230.48    	11008.10  	9460.81   	37.25     	
9	96377.36  	17405.43  	21577.04  	220.25    	10898.69  	9422.28   	35.09     	
10	96892.81  	13255.03  	20737.79  	219.43    	11154.32  	9717.23   	36.80     	
11	97983.76  	15175.87  	19858.97  	201.34    	10978.59  	9077.05   	38.04     	
12	98486.63  	13136.90  	19177.76  	197.25    	11026.15  	9294.81   	37.70     	
13	99544.29  	13171.31  	18531.34  	192.65    	10876.87  	9692.28   	34.79     	
14	99848.16  	10844.53  	17980.91  	188.13    	10926.13  	9119.73   	32.03     	
15	100088.06 	12358.15  	17652.33  	180.53    	10884.37  	8949.56   	34.12     	
16	100862.74 	7378.36   	17126.25  	179.98    	10980.47  	8900.37   	38.73     	
17	100848.11 	7748.28   	16807.68  	172.49    	11001.73  	9072.22   	37.62     	
18	101158.36 	3491.36   	16468.03  	172.81    	11135.67  	8942.13   	36.88     	
19	101591.45 	6810.71   	16123.42  	169.81    	11194.33  	9060.05   	37.21     	
20	101483.28 	1617.99   	15874.80  	164.15    	11294.65  	8795.84   	37.50     	
21	102358.30 	1549.94   	15648.86  	158.47    	10856.44  	8702.55   	37.57     	
22	102374.81 	1482.58   	15479.78  	160.27    	11047.05  	8799.40   	38.43     	
23	101855.77 	1115.53   	15405.83  	159.94    	11376.98  	8592.49   	37.16     	
