Throughput: 35.77546415454822
AverageTotalTimeBreakdownReport
thread_id	 total_time	 stream_process	 txn_process	 overheads
0	27950.85  	72.19     	23454.74  	4423.92   
phase_id	 throughput
0	40.1099   	
1	46.9584   	
2	47.4984   	
3	48.0714   	
4	47.8890   	
5	48.9653   	
6	48.3552   	
7	48.5704   	
8	49.0562   	
9	48.9906   	
10	49.0437   	
11	49.1776   	
12	48.8501   	
13	49.0599   	
14	49.0007   	
15	49.1252   	
16	49.0146   	
17	49.0113   	
18	49.3144   	
19	49.0597   	
20	49.1200   	
21	48.9211   	
22	47.6743   	
23	47.7227   	
24	47.6706   	
25	47.1131   	
26	47.7093   	
27	41.6769   	
28	42.1531   	
29	42.3097   	
30	43.0139   	
31	43.0897   	
32	43.2252   	
33	43.2093   	
34	43.1951   	
35	43.0747   	
36	43.1751   	
37	41.8110   	
38	41.9427   	
39	41.9718   	
40	41.8455   	
41	41.0835   	
42	41.9415   	
43	41.9471   	
44	42.0655   	
45	42.0653   	
46	42.0208   	
47	42.0787   	
48	41.7025   	
49	42.0679   	
50	42.0673   	
51	41.2348   	
52	41.9525   	
53	41.9107   	
54	42.0802   	
55	41.9204   	
56	42.1006   	
57	42.0411   	
58	40.9931   	
59	41.9350   	
60	42.1282   	
61	42.1305   	
62	42.1045   	
63	42.0891   	
64	42.0342   	
65	41.9450   	
66	42.0034   	
67	41.9971   	
68	41.9597   	
69	41.8720   	
70	42.4325   	
71	41.3896   	
72	40.0348   	
73	38.5976   	
74	38.2983   	
75	40.0163   	
76	38.2463   	
77	39.1446   	
78	38.7395   	
79	40.1644   	
80	40.1556   	
81	39.1876   	
82	39.7351   	
83	40.2878   	
84	41.3322   	
85	41.3138   	
86	41.4624   	
87	41.5877   	
88	41.2511   	
89	41.8764   	
90	41.8374   	
91	41.8217   	
92	42.0013   	
93	42.0005   	
94	42.0354   	
95	42.0027   	
96	42.2648   	
97	42.3023   	
98	42.1968   	
99	42.1651   	
100	42.3195   	
101	42.1893   	
102	40.7575   	
103	42.3399   	
104	42.4376   	
105	42.3746   	
106	42.4654   	
107	42.2580   	
108	42.3540   	
109	41.7632   	
110	42.5335   	
111	42.5535   	
112	42.5011   	
113	42.3128   	
114	42.5796   	
115	42.5511   	
116	42.5124   	
117	42.7063   	
118	42.5921   	
119	42.7663   	
120	42.7147   	
121	42.7266   	
122	42.7071   	
123	42.8953   	
124	42.7077   	
125	42.6193   	
126	42.7617   	
127	42.7618   	
128	42.7266   	
129	42.7296   	
130	42.7669   	
131	42.8543   	
132	42.7491   	
133	42.6843   	
134	42.7739   	
135	42.7418   	
136	42.9179   	
137	42.8280   	
138	42.8346   	
139	42.8124   	
140	42.7998   	
141	42.8319   	
142	42.8558   	
143	42.9956   	
144	43.1071   	
145	42.9852   	
146	42.9883   	
147	43.1526   	
148	43.0664   	
149	43.1220   	
150	42.8085   	
151	42.7649   	
152	43.0623   	
153	42.9774   	
154	42.8987   	
155	42.9469   	
156	43.0643   	
157	42.8453   	
158	42.1195   	
159	41.6303   	
160	42.5559   	
161	42.9855   	
162	43.0690   	
163	42.9504   	
164	43.0718   	
165	43.0928   	
166	42.1738   	
167	41.7366   	
168	26.9652   	
169	28.6994   	
170	28.7115   	
171	29.2429   	
172	29.1411   	
173	29.6706   	
174	28.3500   	
175	27.8070   	
176	27.3921   	
177	27.9907   	
178	27.9221   	
179	28.2487   	
180	28.8519   	
181	28.4033   	
182	28.6845   	
183	28.4132   	
184	28.0945   	
185	28.8707   	
186	29.3495   	
187	29.1958   	
188	29.2488   	
189	29.3389   	
190	29.0725   	
191	29.3418   	
192	26.5238   	
193	26.5589   	
194	26.6188   	
195	26.5875   	
196	26.6714   	
197	26.6012   	
198	26.3570   	
199	26.4031   	
200	26.7473   	
201	26.5253   	
202	26.7858   	
203	26.4819   	
204	25.5046   	
205	26.5657   	
206	26.5216   	
207	26.8286   	
208	26.7115   	
209	26.7621   	
210	26.7999   	
211	26.8030   	
212	26.7218   	
213	26.5114   	
214	26.5955   	
215	26.5586   	
216	24.4562   	
217	24.4101   	
218	24.4607   	
219	24.4824   	
220	24.3883   	
221	24.3779   	
222	24.3852   	
223	24.2987   	
224	24.4647   	
225	24.5034   	
226	24.4689   	
227	24.5260   	
228	24.4828   	
229	24.4079   	
230	24.4874   	
231	24.5004   	
232	24.4169   	
233	24.4212   	
234	24.4295   	
235	24.3313   	
236	24.5171   	
237	24.5104   	
238	24.4245   	
239	24.4327   	
240	28.7542   	
241	28.8362   	
242	28.9342   	
243	28.8144   	
244	28.5925   	
245	28.1430   	
246	28.5084   	
247	28.0989   	
248	27.8939   	
249	28.2043   	
250	28.5323   	
251	27.6579   	
252	26.5780   	
253	26.5821   	
254	27.2089   	
255	27.0502   	
256	27.0762   	
257	27.5896   	
258	28.0623   	
259	28.1163   	
260	27.7572   	
261	27.8089   	
262	27.4592   	
263	28.3941   	
264	34.3613   	
265	34.4306   	
266	34.8594   	
267	34.6239   	
268	34.5794   	
269	34.8369   	
270	34.7694   	
271	34.7511   	
272	34.6560   	
273	34.7627   	
274	34.7378   	
275	35.0337   	
276	34.9630   	
277	34.9581   	
278	34.7164   	
279	34.4791   	
280	34.7286   	
281	34.8487   	
282	34.9379   	
283	35.0203   	
284	35.4522   	
285	35.2851   	
286	34.9808   	
287	35.2698   	
288	44.7951   	
289	44.9260   	
290	44.1825   	
291	45.6324   	
292	45.0996   	
293	44.6156   	
294	44.9637   	
295	45.0773   	
296	44.3131   	
297	44.3315   	
298	44.5177   	
299	45.0893   	
300	44.1404   	
301	44.5246   	
302	44.1628   	
303	44.5837   	
304	44.4647   	
305	44.8580   	
306	44.7866   	
307	44.8480   	
308	45.1073   	
309	44.8127   	
310	44.5151   	
311	44.6194   	
TransactionBreakdownRatioReport
thread_id	 index_ratio	 useful_ratio	 sync_ratio	 lock_ratio
0	141.49    	20164.27  	2127.50   	1970.22   	
