Throughput: 326.49328213418886
AverageTotalTimeBreakdownReport
thread_id	 total_time	 stream_process	 txn_process	 overheads
0	73483.11  	705.12    	62284.95  	10493.04  
1	73476.40  	693.92    	65357.63  	7424.86   
2	73476.30  	721.39    	58760.72  	13994.20  
3	73488.61  	707.43    	65194.47  	7586.71   
4	73490.35  	701.28    	64335.37  	8453.69   
5	73488.52  	724.70    	64498.18  	8265.64   
6	73488.46  	681.40    	55898.96  	16908.09  
7	73488.52  	708.87    	61091.42  	11688.23  
8	73476.16  	709.44    	65301.86  	7464.86   
9	73487.26  	726.20    	65493.77  	7267.29   
10	73486.28  	722.56    	60284.43  	12479.29  
11	73487.46  	731.09    	50207.80  	22548.57  
12	73470.91  	671.74    	51447.48  	21351.70  
13	73482.67  	695.82    	41713.30  	31073.55  
14	73465.35  	697.74    	37436.29  	35331.32  
15	73477.38  	704.25    	42921.27  	29851.86  
16	73476.39  	701.73    	43046.53  	29728.13  
17	73476.46  	745.89    	62185.15  	10545.42  
18	73463.68  	697.52    	52680.35  	20085.82  
19	73463.24  	703.55    	56982.27  	15777.42  
20	73421.96  	694.15    	63440.97  	9286.84   
21	73479.40  	717.99    	65403.54  	7357.87   
22	73483.98  	682.98    	52081.05  	20719.95  
23	73485.72  	694.61    	60329.33  	12461.78  
phase_id	 throughput
0	326.6298  	
SchedulerTimeBreakdownReport
thread_id	 explore_time	 next_time	 useful_time	 notify_time	 construct_time	 first_explore_time	 scheduler_switch
0	48737.81  	1.57      	12144.34  	1.14      	8892.02   	1477.50   	0.00      	
1	57019.42  	2.02      	6945.67   	1.43      	5891.92   	1499.88   	0.00      	
2	52064.30  	1.51      	5316.50   	1.38      	12407.63  	1466.90   	0.00      	
3	58801.98  	3.28      	5001.08   	1.86      	5987.06   	1480.46   	0.00      	
4	58293.62  	3.04      	4638.15   	1.49      	6842.94   	1488.60   	0.00      	
5	58773.40  	1.49      	4326.00   	1.56      	6604.15   	1452.18   	0.00      	
6	50437.94  	2.85      	4040.73   	1.49      	15273.02  	1444.00   	0.00      	
7	55805.97  	2.17      	3888.94   	1.60      	10099.25  	1485.69   	0.00      	
8	60190.28  	2.32      	3709.44   	1.89      	5925.31   	1486.00   	0.00      	
9	60488.11  	1.96      	3603.08   	1.95      	5764.10   	1473.48   	0.00      	
10	55459.92  	2.34      	3428.49   	1.66      	10884.83  	1472.44   	0.00      	
11	45437.94  	2.14      	3366.93   	1.65      	20942.70  	1413.28   	0.00      	
12	46743.20  	2.54      	3291.35   	1.75      	19698.77  	1448.26   	0.00      	
13	37111.80  	1.93      	3198.59   	1.75      	29255.32  	1412.71   	0.00      	
14	32951.55  	2.04      	3069.92   	1.58      	33521.50  	1470.61   	0.00      	
15	38587.11  	2.61      	2940.93   	1.74      	27989.78  	1442.23   	0.00      	
16	38744.17  	3.13      	2899.48   	1.53      	27874.02  	1430.52   	0.00      	
17	57920.88  	1.96      	2865.22   	1.57      	8942.14   	1472.11   	0.00      	
18	48509.68  	1.96      	2756.50   	1.50      	18465.49  	1412.35   	0.00      	
19	52764.57  	1.98      	2802.83   	1.65      	14196.14  	1448.75   	0.00      	
20	59318.83  	2.32      	2721.77   	1.60      	7720.21   	1491.44   	0.00      	
21	61329.56  	1.91      	2622.32   	1.56      	5853.93   	1460.96   	0.00      	
22	47977.14  	2.04      	2623.78   	1.73      	19128.44  	1424.51   	0.00      	
23	55694.17  	2.20      	3156.67   	1.79      	10938.65  	1447.52   	0.00      	
