Throughput: 182.95827954635396
AverageTotalTimeBreakdownReport
thread_id	 total_time	 stream_process	 txn_process	 overheads
0	131042.70 	822.26    	84967.68  	45252.76  
1	131046.24 	821.75    	119761.22 	10463.28  
2	131031.24 	818.13    	123454.62 	6758.49   
3	131046.47 	790.19    	116073.50 	14182.77  
4	131046.45 	792.77    	119033.60 	11220.08  
5	131046.18 	827.88    	120815.91 	9402.39   
6	131046.44 	741.46    	87009.36  	43295.62  
7	131031.10 	790.91    	91340.75  	38899.43  
8	131047.02 	818.41    	103894.25 	26334.36  
9	131046.30 	819.10    	75613.68  	54613.52  
10	131046.67 	837.10    	123372.52 	6837.05   
11	131045.87 	822.48    	63966.54  	66256.86  
12	131046.75 	793.01    	118483.20 	11770.53  
13	131166.03 	812.92    	96510.82  	33842.29  
14	131045.24 	827.44    	46342.56  	83875.24  
15	131043.80 	817.78    	62215.61  	68010.41  
16	131043.42 	825.99    	109046.63 	21170.80  
17	131042.35 	789.57    	94396.32  	35856.46  
18	131041.39 	794.65    	109570.94 	20675.80  
19	131037.99 	794.71    	86186.19  	44057.09  
20	131033.71 	810.68    	112419.82 	17803.21  
21	131033.67 	766.74    	80897.52  	49369.42  
22	131032.95 	762.41    	123900.43 	6370.11   
23	131031.54 	727.64    	88502.27  	41801.63  
phase_id	 throughput
0	183.1408  	
SchedulerTimeBreakdownReport
thread_id	 explore_time	 next_time	 useful_time	 notify_time	 construct_time	 first_explore_time	 scheduler_switch
0	63376.79  	1.02      	20217.05  	1.30      	42845.71  	2205.47   	0.00      	
1	111097.70 	1.44      	7299.15   	0.99      	8050.03   	2229.44   	0.00      	
2	117157.80 	1.11      	4946.35   	1.05      	4355.58   	2267.00   	0.00      	
3	110631.13 	1.12      	4069.33   	1.02      	11746.74  	2202.34   	0.00      	
4	114003.71 	1.34      	3657.36   	1.14      	8743.47   	2209.97   	0.00      	
5	116153.57 	1.36      	3309.10   	1.46      	6964.19   	2202.46   	0.00      	
6	82554.78  	1.92      	3038.17   	1.31      	40818.10  	2236.44   	0.00      	
7	87200.91  	1.31      	2772.74   	1.26      	36287.50  	2246.96   	0.00      	
8	99956.55  	1.77      	2579.43   	1.36      	23933.07  	2245.79   	0.00      	
9	71723.95  	1.83      	2513.20   	1.21      	52253.20  	2234.20   	0.00      	
10	119768.00 	1.37      	2247.69   	1.40      	4395.60   	2244.70   	0.00      	
11	60457.97  	1.48      	2147.09   	1.31      	63822.36  	2173.02   	0.00      	
12	114983.15 	1.54      	2103.47   	1.45      	9378.63   	2247.26   	0.00      	
13	93183.35  	1.73      	1957.20   	1.37      	31218.02  	2226.66   	0.00      	
14	43046.34  	1.55      	1917.73   	1.38      	81155.82  	2224.64   	0.00      	
15	58993.95  	1.46      	1864.62   	1.29      	65504.36  	2202.23   	0.00      	
16	105812.29 	1.51      	1870.42   	1.30      	18773.57  	2206.99   	0.00      	
17	91193.13  	1.65      	1798.52   	1.36      	33338.64  	2221.39   	0.00      	
18	106432.28 	1.93      	1767.40   	2.24      	18264.42  	2189.36   	0.00      	
19	83196.07  	1.62      	1628.42   	1.52      	41629.60  	2181.45   	0.00      	
20	109424.69 	1.60      	1627.52   	1.45      	15425.98  	2215.73   	0.00      	
21	77933.11  	2.05      	1511.61   	1.81      	47183.06  	2227.24   	0.00      	
22	120915.82 	1.58      	1491.19   	1.48      	4530.46   	2262.94   	0.00      	
23	85042.28  	1.58      	1968.58   	1.60      	39941.75  	2232.93   	0.00      	
