Throughput: 405.3274580423393
AverageTotalTimeBreakdownReport
thread_id	 total_time	 stream_process	 txn_process	 overheads
0	59104.12  	647.86    	46145.09  	12311.17  
1	59209.08  	659.10    	48727.07  	9822.91   
2	59209.13  	692.59    	48979.45  	9537.08   
3	59209.06  	673.97    	48962.94  	9572.15   
4	59209.09  	730.07    	48935.13  	9543.89   
5	59209.10  	668.83    	46332.09  	12208.18  
6	59208.53  	676.23    	45253.17  	13279.13  
7	59209.12  	648.56    	48291.56  	10269.00  
8	59207.82  	674.42    	48540.88  	9992.52   
9	59208.18  	684.90    	48676.17  	9847.11   
10	59206.36  	664.88    	46909.38  	11632.10  
11	59206.73  	669.00    	46917.48  	11620.26  
12	59204.71  	668.43    	46075.13  	12461.15  
13	59203.05  	671.15    	35420.79  	23111.11  
14	59087.61  	666.89    	36999.24  	21421.48  
15	59203.41  	667.10    	41780.51  	16755.79  
16	59096.24  	673.30    	48707.26  	9715.67   
17	59197.03  	662.97    	44225.80  	14308.26  
18	59195.53  	673.24    	48388.55  	10133.75  
19	59091.85  	650.66    	48621.88  	9819.31   
20	59193.08  	689.08    	48560.57  	9943.42   
21	59191.85  	614.98    	47237.65  	11339.23  
22	59191.11  	519.30    	41054.33  	17617.48  
23	59189.99  	534.21    	39386.22  	19269.55  
phase_id	 throughput
0	405.5078  	
SchedulerTimeBreakdownReport
thread_id	 explore_time	 next_time	 useful_time	 notify_time	 construct_time	 first_explore_time	 scheduler_switch
0	38551.31  	2.00      	6164.13   	1.05      	10171.24  	1035.07   	0.00      	
1	42480.83  	1.75      	4838.40   	1.10      	7611.37   	1116.44   	0.00      	
2	43346.11  	1.59      	4233.33   	1.26      	7417.20   	1117.61   	0.00      	
3	43488.24  	1.91      	4079.29   	1.05      	7441.06   	1095.19   	0.00      	
4	43731.38  	1.56      	3784.11   	1.05      	7426.39   	1077.61   	0.00      	
5	41123.28  	1.75      	3807.31   	1.21      	9939.52   	1062.12   	0.00      	
6	40203.13  	2.37      	3646.01   	1.13      	10931.80  	1053.47   	0.00      	
7	43346.73  	2.07      	3514.12   	1.14      	7938.60   	1047.25   	0.00      	
8	43735.72  	2.07      	3398.33   	1.07      	7620.70   	1070.95   	0.00      	
9	43954.34  	1.81      	3317.05   	1.40      	7485.08   	1063.06   	0.00      	
10	42238.63  	1.64      	3245.24   	1.11      	9352.61   	1041.11   	0.00      	
11	42324.36  	1.67      	3182.09   	1.14      	9317.37   	1060.46   	0.00      	
12	41463.00  	2.16      	3196.83   	1.16      	10164.24  	1098.77   	0.00      	
13	30923.87  	2.42      	3088.00   	1.51      	20616.89  	1124.93   	0.00      	
14	32357.22  	2.09      	3238.31   	1.20      	19044.86  	1055.53   	0.00      	
15	37321.41  	1.49      	3055.23   	1.13      	14364.03  	1033.13   	0.00      	
16	44235.00  	1.56      	3059.98   	1.12      	7469.20   	1083.95   	0.00      	
17	39787.13  	1.85      	3018.37   	1.15      	11940.16  	1073.08   	0.00      	
18	43986.56  	1.58      	2970.69   	1.17      	7867.15   	1088.00   	0.00      	
19	44267.73  	2.11      	2930.27   	1.29      	7574.40   	1062.34   	0.00      	
20	44342.95  	2.00      	2801.34   	1.24      	7675.02   	1083.25   	0.00      	
21	42701.23  	2.18      	3003.78   	1.90      	8984.67   	1091.70   	0.00      	
22	36504.08  	1.73      	2891.91   	1.23      	15091.35  	1068.59   	0.00      	
23	34567.32  	1.92      	3178.99   	1.30      	16737.65  	1061.07   	0.00      	
