Throughput: 80.02972615538347
AverageTotalTimeBreakdownReport
thread_id	 total_time	 stream_process	 txn_process	 overheads
0	297619.41 	1850.87   	265473.26 	30295.28  
1	297634.87 	1834.65   	210641.92 	85158.29  
2	297634.83 	1843.73   	161478.65 	134312.45 
3	297634.49 	1831.12   	257327.04 	38476.33  
4	297634.79 	1849.95   	217130.28 	78654.56  
5	297634.16 	1812.94   	186033.83 	109787.39 
6	297634.65 	1908.46   	106392.03 	189334.16 
7	297634.57 	1826.30   	222933.03 	72875.24  
8	297632.28 	1845.00   	272603.83 	23183.45  
9	297531.77 	1811.99   	290171.89 	5547.89   
10	297634.51 	1858.42   	287214.76 	8561.32   
11	297634.91 	1842.96   	264072.69 	31719.26  
12	297634.85 	1852.19   	287249.97 	8532.69   
13	297632.96 	1832.33   	255331.51 	40469.12  
14	297632.02 	1826.79   	179243.87 	116561.36 
15	297630.92 	1823.64   	260616.54 	35190.74  
16	297627.72 	1921.48   	71074.00  	224632.24 
17	297627.94 	1850.30   	209328.23 	86449.41  
18	297620.54 	1885.66   	111754.15 	183980.73 
19	297621.12 	1828.70   	209320.81 	86471.60  
20	297620.57 	1819.92   	285767.67 	10032.97  
21	297619.11 	1804.05   	277262.52 	18552.54  
22	299878.80 	632.36    	257306.22 	41940.22  
23	299518.85 	677.99    	221522.96 	77317.90  
phase_id	 throughput
0	80.5917   	
SchedulerTimeBreakdownReport
thread_id	 explore_time	 next_time	 useful_time	 notify_time	 construct_time	 first_explore_time	 scheduler_switch
0	227584.46 	0.68      	36465.49  	0.61      	28430.09  	10508.86  	0.00      	
1	202899.12 	0.75      	6322.21   	0.48      	83292.76  	10553.46  	0.00      	
2	155874.90 	0.98      	4182.62   	0.67      	132384.90 	10528.14  	0.00      	
3	252589.71 	0.93      	3313.61   	0.69      	36606.46  	10552.01  	0.00      	
4	212882.80 	2.25      	2843.20   	1.11      	76713.51  	10604.12  	0.00      	
5	182224.06 	1.12      	2367.20   	0.89      	107816.17 	10594.12  	0.00      	
6	102793.67 	1.30      	2190.29   	1.06      	186931.98 	10498.79  	0.00      	
7	219485.47 	1.30      	2018.01   	1.00      	70951.84  	10542.90  	0.00      	
8	269355.20 	1.36      	1840.73   	1.17      	21295.87  	10570.89  	0.00      	
9	286936.74 	1.44      	1823.96   	1.19      	3780.76   	10532.31  	0.00      	
10	284201.26 	1.87      	1602.02   	1.30      	6701.46   	10609.32  	0.00      	
11	261086.48 	1.65      	1549.13   	2.04      	29830.93  	10512.26  	0.00      	
12	284369.85 	1.61      	1464.64   	1.60      	6646.87   	10566.84  	0.00      	
13	252438.71 	1.99      	1456.84   	1.26      	38566.41  	10529.96  	0.00      	
14	176456.47 	1.60      	1355.27   	1.35      	114626.57 	10580.84  	0.00      	
15	257893.19 	1.88      	1277.81   	1.42      	33166.68  	10526.98  	0.00      	
16	68389.07  	1.78      	1253.15   	1.50      	222089.35 	10611.40  	0.00      	
17	206700.37 	1.71      	1210.20   	1.51      	84249.46  	10565.96  	0.00      	
18	109173.36 	1.82      	1163.17   	1.63      	181528.13 	10521.77  	0.00      	
19	206726.68 	1.89      	1150.10   	1.62      	84446.79  	10601.82  	0.00      	
20	283247.81 	1.69      	1081.62   	1.99      	8178.20   	10596.21  	0.00      	
21	274752.39 	1.76      	1034.79   	1.48      	13174.41  	10585.78  	0.00      	
22	251242.33 	1.70      	1071.11   	1.38      	36247.80  	10568.16  	0.00      	
23	215736.72 	1.44      	1184.38   	1.44      	70953.52  	10579.40  	0.00      	
