Throughput: 521.2075805009698
AverageTotalTimeBreakdownReport
thread_id	 total_time	 stream_process	 txn_process	 overheads
0	46026.03  	650.33    	35614.22  	9761.48   
1	46044.88  	644.43    	34955.69  	10444.77  
2	46045.27  	659.00    	36060.74  	9325.53   
3	46045.29  	690.70    	35640.50  	9714.09   
4	46045.24  	647.56    	35750.87  	9646.80   
5	46028.75  	640.24    	35553.60  	9834.91   
6	46028.77  	630.57    	33950.20  	11448.00  
7	46045.29  	660.77    	34970.21  	10414.31  
8	46028.66  	649.60    	36023.08  	9355.98   
9	46027.94  	642.89    	36181.90  	9203.15   
10	46027.00  	637.48    	33098.12  	12291.40  
11	46025.41  	639.18    	28822.38  	16563.86  
12	46024.83  	626.69    	28779.23  	16618.91  
13	46032.21  	633.61    	28226.29  	17172.31  
14	46034.56  	654.39    	29019.88  	16360.29  
15	46033.36  	642.74    	30866.36  	14524.26  
16	46032.80  	655.31    	36011.39  	9366.10   
17	46031.21  	699.87    	31996.98  	13334.36  
18	46010.21  	653.28    	33881.29  	11475.64  
19	46026.23  	646.98    	33859.57  	11519.68  
20	46008.28  	649.14    	34901.07  	10458.07  
21	46023.58  	632.87    	36091.93  	9298.79   
22	46022.27  	652.75    	35658.08  	9711.44   
23	46020.89  	663.93    	32976.87  	12380.09  
phase_id	 throughput
0	521.3996  	
SchedulerTimeBreakdownReport
thread_id	 explore_time	 next_time	 useful_time	 notify_time	 construct_time	 first_explore_time	 scheduler_switch
0	30488.26  	1.79      	3858.66   	1.75      	7452.31   	1394.14   	0.00      	
1	29763.43  	2.05      	3938.07   	1.39      	8131.25   	1372.55   	0.00      	
2	30809.59  	1.60      	3982.54   	1.33      	7082.89   	1371.30   	0.00      	
3	30355.27  	1.63      	4026.33   	1.40      	7321.95   	1392.50   	0.00      	
4	30545.00  	1.71      	3931.39   	1.19      	7274.76   	1359.61   	0.00      	
5	30248.87  	1.63      	4030.19   	1.26      	7492.97   	1370.42   	0.00      	
6	28670.03  	1.65      	4013.39   	1.27      	9094.85   	1326.84   	0.00      	
7	29700.39  	2.01      	4007.39   	1.29      	8038.61   	1343.64   	0.00      	
8	30792.52  	1.58      	3965.12   	1.40      	7056.27   	1397.01   	0.00      	
9	30957.76  	1.52      	3955.11   	1.27      	6919.12   	1394.18   	0.00      	
10	27808.25  	1.62      	4034.90   	1.32      	9875.36   	1317.43   	0.00      	
11	23554.52  	1.57      	3994.94   	2.02      	14090.21  	1327.25   	0.00      	
12	23547.48  	1.84      	3967.91   	1.52      	14147.99  	1284.93   	0.00      	
13	23039.36  	1.78      	3915.43   	1.49      	14676.16  	1391.21   	0.00      	
14	23761.27  	1.91      	4004.34   	1.37      	13891.19  	1298.55   	0.00      	
15	25593.50  	1.56      	4014.57   	1.60      	12145.43  	1335.23   	0.00      	
16	30703.24  	1.63      	4052.63   	1.31      	7085.65   	1377.37   	0.00      	
17	26673.44  	1.79      	4066.87   	1.49      	10974.96  	1302.60   	0.00      	
18	28766.40  	1.52      	3852.54   	1.44      	9118.64   	1332.47   	0.00      	
19	28658.69  	1.61      	3926.42   	1.40      	9135.18   	1339.03   	0.00      	
20	29656.81  	1.62      	3982.80   	1.33      	8112.91   	1324.10   	0.00      	
21	30880.23  	1.54      	3905.43   	1.24      	7067.49   	1381.02   	0.00      	
22	30364.92  	1.56      	3978.39   	1.24      	7468.09   	1387.61   	0.00      	
23	27742.00  	1.66      	3905.69   	1.32      	10139.09  	1328.79   	0.00      	
