Throughput: 99.17471379542675
AverageTotalTimeBreakdownReport
thread_id	 total_time	 stream_process	 txn_process	 overheads
0	120983.92 	23368.79  	97174.34  	440.78    
1	120991.99 	25069.65  	95493.08  	429.26    
2	120991.77 	25254.53  	95305.95  	431.29    
3	121003.33 	25825.19  	94750.60  	427.54    
4	121009.34 	25573.53  	94966.85  	468.97    
5	120991.45 	24693.94  	95839.00  	458.51    
6	121001.86 	24632.72  	95886.79  	482.36    
7	121008.10 	23510.24  	96977.54  	520.32    
8	120991.30 	22691.42  	97795.36  	504.52    
9	120990.30 	22473.79  	98021.06  	495.45    
10	121013.51 	23057.80  	97443.81  	511.90    
11	121003.01 	22679.15  	97835.18  	488.69    
phase_id	 throughput
0	117.1110  	
1	174.7844  	
2	195.0585  	
3	179.5567  	
4	183.5038  	
5	141.1290  	
6	156.5651  	
7	182.5592  	
8	164.3280  	
9	196.0207  	
10	151.9997  	
11	30.6208   	
12	108.4293  	
13	104.1714  	
14	80.0225   	
15	87.5879   	
16	82.0748   	
17	89.0636   	
18	76.6078   	
19	75.9518   	
20	81.7353   	
21	77.0053   	
22	82.0658   	
23	81.1000   	
24	96.6371   	
25	100.7056  	
SchedulerTimeBreakdownReport
thread_id	 explore_time	 next_time	 useful_time	 notify_time	 construct_time	 first_explore_time	 scheduler_switch
0	45571.28  	207.49    	50942.42  	266.81    	6155.69   	7804.84   	8.18      	
1	41641.90  	238.38    	53272.76  	304.72    	6497.86   	8102.91   	10.35     	
2	62962.62  	9683.74   	31694.77  	215.65    	18743.20  	6555.87   	9.55      	
3	68887.89  	12494.98  	25216.41  	182.75    	19236.51  	6037.20   	11.58     	
4	72532.70  	15965.72  	21824.80  	168.96    	7227.50   	6058.47   	9.39      	
5	75301.37  	17314.20  	19911.28  	146.93    	18758.60  	5793.07   	5.84      	
6	76815.95  	13474.58  	18438.33  	151.48    	7178.46   	5696.62   	9.51      	
7	78930.71  	8113.98   	17391.52  	140.14    	7168.24   	5551.70   	7.61      	
8	80599.96  	2166.09   	16596.48  	127.03    	18792.32  	5509.09   	8.88      	
9	81502.29  	1558.79   	15939.71  	130.09    	18754.25  	5579.98   	7.47      	
10	81449.02  	1037.74   	15363.97  	138.47    	7105.66   	5369.82   	10.84     	
11	82260.63  	696.43    	14934.20  	124.47    	18947.58  	5252.10   	8.84      	
