Throughput: 135.8346126649985
AverageTotalTimeBreakdownReport
thread_id	 total_time	 stream_process	 txn_process	 overheads
0	176657.61 	14460.52  	161519.97 	677.13    
1	176662.22 	16186.76  	159833.40 	642.06    
2	176645.29 	16120.07  	159868.85 	656.38    
3	176650.73 	16699.30  	159261.67 	689.76    
4	176649.61 	16888.17  	159076.15 	685.29    
5	176644.96 	16775.41  	159120.43 	749.12    
6	176642.92 	16828.59  	159096.73 	717.61    
7	176641.35 	16301.56  	159642.24 	697.55    
8	176654.47 	16938.64  	158984.77 	731.06    
9	176643.97 	15944.87  	160003.58 	695.52    
10	176663.89 	16547.89  	159367.54 	748.46    
11	176644.07 	16460.27  	159449.91 	733.88    
12	176673.09 	16508.81  	159387.03 	777.25    
13	176639.19 	15357.21  	160564.99 	716.99    
14	176635.35 	15469.78  	160397.39 	768.18    
15	176651.36 	14658.09  	161249.10 	744.17    
16	176638.55 	14856.62  	160992.67 	789.26    
17	176642.77 	13861.51  	162029.55 	751.72    
18	176646.16 	13402.39  	162504.26 	739.50    
19	176645.80 	13332.99  	162517.51 	795.31    
20	176641.85 	12865.68  	163001.19 	774.99    
21	176646.10 	12825.01  	163056.62 	764.48    
22	176660.63 	12895.94  	162983.47 	781.22    
23	176643.93 	12600.75  	163308.54 	734.63    
phase_id	 throughput
0	221.8035  	
1	325.9534  	
2	366.4672  	
3	387.2683  	
4	317.7522  	
5	237.0898  	
6	71.7757   	
7	141.3703  	
8	131.7270  	
9	121.8575  	
10	68.2733   	
11	78.7355   	
12	88.6499   	
SchedulerTimeBreakdownReport
thread_id	 explore_time	 next_time	 useful_time	 notify_time	 construct_time	 first_explore_time	 scheduler_switch
0	100042.61 	677.02    	60061.89  	445.99    	8237.73   	31318.82  	0.11      	
1	86987.70  	867.71    	71643.63  	558.12    	7978.85   	33102.28  	0.06      	
2	83468.56  	1397.40   	75418.71  	499.23    	7885.41   	32915.65  	0.06      	
3	78488.35  	2292.35   	79441.89  	528.48    	8391.03   	33813.87  	0.06      	
4	111173.84 	6827.56   	46502.89  	457.21    	8427.31   	32628.92  	0.10      	
5	118767.75 	10628.55  	39055.82  	351.19    	8395.22   	32132.53  	0.05      	
6	123270.80 	9045.43   	34626.82  	344.36    	8408.21   	31410.82  	0.07      	
7	126790.23 	12310.10  	31444.63  	280.22    	8113.82   	30559.93  	0.10      	
8	128346.78 	9347.68   	29284.09  	292.56    	8585.19   	31027.43  	0.04      	
9	131198.63 	12948.75  	27492.81  	263.23    	8089.20   	29613.93  	0.05      	
10	132177.82 	10346.12  	26010.76  	278.78    	8524.13   	30947.57  	0.05      	
11	133181.02 	12575.02  	24942.30  	271.14    	8490.72   	30136.06  	0.05      	
12	134304.84 	9179.95   	23954.53  	275.47    	8629.99   	30340.94  	0.05      	
13	136229.15 	10794.16  	22923.85  	239.60    	8289.92   	29367.00  	0.05      	
14	136898.88 	7851.65   	22250.26  	253.34    	8559.51   	30165.63  	0.06      	
15	138345.28 	9201.35   	21557.41  	232.63    	8311.85   	28898.12  	0.05      	
16	138806.01 	4918.91   	20982.81  	232.78    	8604.64   	29132.92  	0.05      	
17	140439.72 	7008.09   	20414.82  	249.60    	8324.09   	29187.51  	0.07      	
18	141321.23 	3382.14   	19862.00  	230.22    	8390.84   	28556.40  	0.05      	
19	141686.25 	6903.77   	19526.39  	233.50    	8747.53   	29032.97  	0.06      	
20	142640.09 	1664.11   	19139.75  	234.81    	8645.83   	29074.96  	0.06      	
21	143132.00 	1445.18   	18735.63  	224.06    	8674.35   	29602.79  	0.05      	
22	143146.68 	781.07    	18487.34  	237.47    	8730.34   	29513.93  	0.06      	
23	143801.82 	839.18    	18106.28  	199.22    	8587.62   	28919.32  	0.05      	
