Throughput: 62.475682827416975
AverageTotalTimeBreakdownReport
thread_id	 total_time	 stream_process	 txn_process	 overheads
0	384084.03 	25200.92  	357307.15 	1575.95   
1	384084.54 	25365.82  	357464.12 	1254.60   
2	384057.24 	25279.39  	357332.55 	1445.31   
3	384083.73 	28534.29  	353911.78 	1637.66   
4	384061.25 	24631.29  	357730.71 	1699.24   
5	384053.29 	23581.65  	358627.88 	1843.76   
6	384051.56 	27282.78  	355269.23 	1499.55   
7	384048.23 	26299.57  	356501.32 	1247.34   
8	384041.43 	27040.19  	354739.10 	2262.13   
9	384038.72 	24560.64  	357908.08 	1570.00   
10	384035.82 	29603.41  	352528.79 	1903.61   
11	384032.04 	23213.77  	359557.31 	1260.96   
12	384032.49 	28829.25  	353694.06 	1509.17   
13	384028.59 	27800.29  	354646.79 	1581.51   
14	384033.17 	27813.79  	354805.37 	1414.00   
15	384025.58 	23886.78  	358609.65 	1529.15   
16	384026.94 	20938.89  	361639.53 	1448.52   
17	384025.36 	23517.73  	359138.88 	1368.75   
18	384021.56 	21764.97  	360872.41 	1384.17   
19	384018.51 	23025.85  	359364.83 	1627.83   
20	384027.40 	30246.54  	352244.82 	1536.04   
21	384026.22 	26105.69  	356093.56 	1826.96   
22	384025.43 	27523.54  	354977.49 	1524.41   
23	384025.51 	27288.10  	355298.19 	1439.22   
phase_id	 throughput
0	106.2077  	
1	152.8799  	
2	151.6890  	
3	159.9462  	
4	116.6917  	
5	85.5925   	
6	60.2915   	
7	42.8298   	
8	36.9966   	
9	32.0336   	
10	42.9316   	
11	49.8160   	
12	57.4057   	
SchedulerTimeBreakdownReport
thread_id	 explore_time	 next_time	 useful_time	 notify_time	 construct_time	 first_explore_time	 scheduler_switch
0	172856.98 	8484.52   	183231.58 	818.49    	19143.75  	14815.16  	9.10      	
1	152281.17 	6364.81   	203688.07 	1143.90   	19387.26  	16501.54  	109.34    	
2	180369.93 	13253.78  	175414.93 	732.33    	18984.66  	15815.50  	106.75    	
3	179737.14 	19275.79  	172704.30 	1114.36   	22314.15  	15420.76  	106.25    	
4	288904.74 	59281.97  	67563.34  	336.25    	19199.40  	10837.62  	70.33     	
5	303582.65 	71219.73  	53568.22  	273.81    	17922.19  	10341.09  	108.30    	
6	305691.00 	66270.47  	48209.10  	321.76    	22212.02  	9958.71   	107.17    	
7	313090.43 	71076.01  	42089.45  	319.97    	20666.39  	9688.60   	107.15    	
8	315085.00 	67145.62  	38480.47  	230.30    	22045.88  	9850.62   	107.98    	
9	320175.38 	68565.23  	36455.26  	286.38    	19204.88  	9585.35   	107.92    	
10	317127.88 	70651.73  	34059.01  	321.03    	23995.05  	9690.07   	106.82    	
11	327080.36 	73275.78  	31173.93  	340.78    	17615.28  	9519.37   	35.66     	
12	321740.61 	64739.44  	30551.30  	389.13    	22683.46  	9305.35   	108.67    	
13	324401.34 	70851.15  	28772.72  	374.06    	21455.71  	8829.65   	108.36    	
14	324881.91 	55346.34  	28388.67  	256.96    	22516.75  	9227.17   	107.77    	
15	330771.51 	82078.27  	26466.96  	273.25    	17487.16  	8843.06   	109.10    	
16	333752.52 	66695.85  	26422.99  	307.82    	15632.83  	9431.93   	108.41    	
17	332939.82 	62580.75  	24809.62  	225.85    	17673.05  	8983.84   	107.82    	
18	336136.82 	60947.81  	23583.57  	246.12    	16374.28  	8562.16   	109.96    	
19	334940.45 	42769.28  	23223.94  	104.26    	17999.05  	8532.68   	37.45     	
20	328785.17 	47365.73  	22018.93  	281.68    	24030.03  	8468.50   	109.43    	
21	333455.30 	39097.17  	21366.23  	280.97    	18610.90  	7739.86   	166.35    	
22	331817.14 	29021.08  	21963.91  	87.77     	20128.77  	8699.25   	166.36    	
23	332236.22 	41322.93  	21580.65  	325.29    	20185.56  	8723.98   	109.56    	
