Throughput: 148.30642885251436
AverageTotalTimeBreakdownReport
thread_id	 total_time	 stream_process	 txn_process	 overheads
0	161766.68 	15385.54  	145727.87 	653.27    
1	161798.11 	14298.58  	146848.88 	650.65    
2	161790.19 	15780.59  	145328.09 	681.51    
3	161797.52 	14888.88  	146167.52 	741.11    
4	161827.45 	15381.87  	145832.78 	612.80    
5	161825.80 	15421.46  	145821.56 	582.78    
6	161839.54 	14432.89  	146809.40 	597.26    
7	161814.01 	13067.93  	148096.97 	649.11    
8	161811.14 	12152.22  	149022.44 	636.48    
9	161814.94 	12838.75  	148345.83 	630.36    
10	161817.22 	12155.47  	149032.71 	629.04    
11	161815.46 	12432.71  	148730.45 	652.31    
12	161818.41 	12981.94  	148189.62 	646.84    
13	161816.17 	12318.26  	148859.92 	637.99    
14	161814.17 	12418.98  	148770.14 	625.05    
15	161816.59 	12473.74  	148691.95 	650.90    
16	161806.69 	12390.82  	148770.60 	645.27    
17	161809.26 	16902.43  	144246.48 	660.36    
18	161807.95 	16065.75  	145077.14 	665.06    
19	161817.69 	14411.97  	146750.65 	655.08    
20	161856.19 	13345.87  	147832.65 	677.67    
21	161818.09 	16828.62  	144322.26 	667.21    
22	161816.43 	14647.18  	146519.91 	649.34    
23	161821.97 	17632.71  	143544.85 	644.41    
phase_id	 throughput
0	227.2029  	
1	253.6593  	
2	347.3874  	
3	378.8676  	
4	239.9828  	
5	206.3432  	
6	148.7832  	
7	98.7512   	
8	92.0399   	
9	82.3763   	
10	104.5322  	
11	119.6145  	
12	142.9493  	
SchedulerTimeBreakdownReport
thread_id	 explore_time	 next_time	 useful_time	 notify_time	 construct_time	 first_explore_time	 scheduler_switch
0	70743.69  	3156.76   	73242.15  	397.84    	11762.47  	9915.83   	20.80     	
1	61919.78  	3970.36   	83321.46  	446.33    	10653.36  	10613.48  	27.61     	
2	71145.54  	2730.98   	72431.64  	432.26    	12074.32  	10121.88  	29.26     	
3	73083.38  	4049.77   	71373.89  	439.26    	11133.65  	10441.65  	38.04     	
4	113157.35 	17715.79  	30896.74  	271.96    	11820.13  	8335.96   	27.39     	
5	118890.26 	36782.30  	25156.37  	227.58    	11862.84  	8037.01   	31.77     	
6	123557.33 	34752.61  	21645.66  	190.64    	10897.97  	7904.96   	32.04     	
7	126884.09 	40285.72  	19428.10  	162.55    	9713.02   	7708.01   	28.63     	
8	129552.09 	37107.89  	17716.82  	149.68    	8802.24   	7651.45   	30.07     	
9	130109.89 	41147.71  	16466.70  	137.27    	9435.21   	7654.79   	31.02     	
10	131841.38 	42073.77  	15415.08  	138.36    	8775.62   	7502.16   	32.28     	
11	132331.07 	46465.80  	14614.25  	132.07    	9001.07   	7456.91   	34.94     	
12	132518.18 	41989.08  	13885.31  	133.71    	9528.34   	7413.85   	31.38     	
13	133756.84 	42568.43  	13318.65  	119.55    	8947.92   	7510.67   	34.67     	
14	134201.12 	31139.10  	12830.81  	116.94    	9014.03   	7361.91   	28.31     	
15	134516.55 	33626.33  	12402.11  	111.19    	9066.37   	7366.89   	35.08     	
16	134965.26 	31038.71  	12041.34  	110.88    	8958.01   	7381.62   	28.80     	
17	130791.50 	26778.88  	11685.79  	116.50    	13226.89  	7297.54   	19.96     	
18	131959.77 	25011.85  	11333.81  	118.63    	12484.24  	7179.78   	33.37     	
19	133972.46 	24599.06  	10984.67  	106.52    	10893.70  	7213.43   	33.45     	
20	135224.46 	16895.94  	10808.81  	103.44    	9774.61   	7205.19   	33.06     	
21	132089.33 	17793.56  	10437.87  	101.41    	13128.74  	6956.00   	35.17     	
22	134500.42 	11927.94  	10290.70  	100.67    	11047.82  	6898.34   	35.92     	
23	131624.54 	14378.28  	10126.59  	109.50    	13901.88  	6929.08   	36.46     	
