Throughput: 241.8960246843377
AverageTotalTimeBreakdownReport
thread_id	 total_time	 stream_process	 txn_process	 overheads
0	99140.59  	1785.67   	88312.53  	9042.40   
1	99167.92  	1772.15   	88380.42  	9015.34   
2	99156.77  	1873.71   	88319.80  	8963.26   
3	99035.91  	1641.88   	88365.58  	9028.45   
4	99175.91  	1788.75   	88326.18  	9060.98   
5	99059.30  	1794.37   	88189.35  	9075.58   
6	98993.82  	1597.18   	88311.53  	9085.11   
7	99178.50  	1771.75   	88297.67  	9109.08   
8	99196.86  	1789.33   	88353.98  	9053.55   
9	99171.26  	1811.37   	88327.82  	9032.07   
10	99115.36  	1708.07   	88335.51  	9071.77   
11	99157.08  	1782.58   	88302.30  	9072.20   
12	99055.82  	1711.39   	88488.12  	8856.31   
13	99163.80  	1740.42   	88664.12  	8759.27   
14	99131.76  	1727.67   	88651.58  	8752.50   
15	99022.06  	1635.17   	88647.35  	8739.54   
16	98926.14  	1655.90   	88498.46  	8771.79   
17	98950.78  	1672.76   	88416.64  	8861.37   
18	99047.71  	1665.53   	88538.00  	8844.19   
19	99122.58  	1731.66   	88588.97  	8801.94   
20	98988.93  	1609.92   	88607.50  	8771.51   
21	99074.97  	1830.02   	88515.30  	8729.66   
22	99063.61  	1742.61   	88567.60  	8753.39   
23	99074.43  	1764.46   	88520.03  	8789.94   
phase_id	 throughput
0	242.2030  	
SchedulerTimeBreakdownReport
thread_id	 explore_time	 next_time	 useful_time	 notify_time	 construct_time	 first_explore_time	 scheduler_switch
0	44497.84  	253.68    	42390.81  	311.61    	5129.11   	17317.58  	0.00      	
1	44584.34  	255.66    	42326.44  	300.43    	5097.88   	16891.89  	0.00      	
2	44655.32  	251.51    	42313.78  	288.63    	5095.06   	17088.53  	0.00      	
3	44544.80  	252.61    	42336.62  	224.35    	5135.94   	17003.29  	0.00      	
4	44506.21  	254.70    	42342.74  	232.68    	5122.30   	16878.98  	0.00      	
5	44478.29  	253.89    	42334.91  	230.80    	5100.08   	17011.26  	0.00      	
6	44494.16  	254.41    	42326.88  	230.63    	5151.66   	16956.45  	0.00      	
7	44471.74  	255.10    	42340.55  	235.59    	5098.40   	14690.65  	0.00      	
8	44552.34  	254.02    	42323.02  	248.24    	5096.14   	16620.54  	0.00      	
9	44596.25  	253.87    	42295.81  	234.16    	5086.91   	17123.53  	0.00      	
10	44559.60  	252.56    	42280.90  	239.67    	5071.19   	16719.13  	0.00      	
11	44504.40  	251.12    	42318.41  	222.36    	5098.38   	16023.49  	0.00      	
12	46444.65  	199.89    	40607.62  	193.05    	5108.83   	16093.59  	0.00      	
13	46536.00  	197.07    	40659.84  	202.44    	4988.19   	16984.99  	0.00      	
14	46551.38  	201.11    	40620.59  	200.96    	5060.41   	15885.57  	0.00      	
15	46501.14  	206.62    	40652.60  	221.92    	5023.00   	15541.17  	0.00      	
16	46515.65  	198.98    	40601.74  	199.08    	5039.62   	16323.34  	0.00      	
17	46369.35  	198.65    	40655.49  	193.10    	5099.67   	15475.82  	0.00      	
18	46414.19  	200.41    	40628.98  	194.62    	5086.05   	14399.25  	0.00      	
19	46463.38  	202.43    	40644.35  	198.71    	5039.11   	16602.63  	0.00      	
20	46472.56  	197.34    	40636.68  	197.54    	5084.58   	15534.85  	0.00      	
21	46547.65  	197.12    	40588.73  	194.51    	5096.11   	15359.52  	0.00      	
22	46410.75  	199.42    	40690.45  	192.09    	5044.05   	15642.56  	0.00      	
23	46392.75  	194.83    	40628.36  	194.76    	5048.93   	14740.05  	0.00      	
