Throughput: 130.99375237736146
AverageTotalTimeBreakdownReport
thread_id	 total_time	 stream_process	 txn_process	 overheads
0	124853.85 	25153.41  	99204.10  	496.35    
1	124900.34 	25295.59  	99128.90  	475.85    
2	124881.23 	25494.16  	98906.73  	480.34    
3	124898.67 	24524.04  	99920.10  	454.52    
4	124871.71 	24620.32  	99761.66  	489.73    
5	124871.03 	24872.44  	99530.58  	468.01    
6	124871.55 	24656.57  	99685.77  	529.21    
7	124888.29 	25174.55  	99149.33  	564.41    
8	124879.23 	24236.26  	100120.87 	522.10    
9	124881.87 	24309.98  	99989.30  	582.59    
10	124884.93 	24103.47  	100247.55 	533.90    
11	124876.13 	24224.60  	100121.63 	529.90    
12	124882.92 	23947.89  	100430.42 	504.62    
13	124872.95 	24587.51  	99722.49  	562.95    
14	124878.97 	24051.27  	100323.01 	504.69    
15	124929.60 	25154.51  	99226.52  	548.58    
phase_id	 throughput
0	164.9033  	
1	224.0328  	
2	278.0367  	
3	51.4602   	
4	256.6918  	
5	190.8539  	
6	182.5719  	
7	180.0367  	
8	182.3121  	
9	142.9134  	
10	114.6014  	
11	113.2053  	
12	108.1995  	
13	106.4714  	
14	97.1748   	
15	101.7371  	
16	105.6789  	
17	111.3436  	
18	136.3562  	
SchedulerTimeBreakdownReport
thread_id	 explore_time	 next_time	 useful_time	 notify_time	 construct_time	 first_explore_time	 scheduler_switch
0	41765.55  	236.79    	56558.47  	369.09    	7576.16   	10102.76  	20.18     	
1	51876.06  	3650.96   	46282.33  	280.19    	7243.08   	8959.38   	17.45     	
2	46821.06  	2551.98   	51236.08  	318.85    	7466.63   	9424.46   	17.56     	
3	72463.87  	18271.73  	26522.80  	184.82    	20249.81  	7596.37   	17.68     	
4	70703.83  	17605.41  	28128.07  	178.58    	6760.57   	7782.71   	8.78      	
5	78213.80  	21432.79  	20428.16  	142.21    	6904.62   	7325.69   	17.88     	
6	75660.14  	19467.24  	23129.87  	160.11    	20531.98  	7614.22   	16.96     	
7	80377.28  	20270.27  	17842.89  	148.23    	7615.07   	7097.39   	17.81     	
8	78783.13  	14337.74  	20434.45  	149.98    	7194.77   	7115.43   	10.20     	
9	82854.33  	12720.34  	16213.39  	132.71    	20906.24  	7063.97   	14.93     	
10	80694.61  	5228.10   	18628.04  	137.96    	20709.47  	6788.43   	17.78     	
11	84119.84  	4193.33   	15054.11  	114.30    	20697.68  	6736.92   	18.08     	
12	82150.65  	1427.26   	17397.63  	122.41    	20597.21  	7235.43   	17.92     	
13	84392.57  	2399.90   	14379.84  	118.34    	7544.09   	6838.77   	18.25     	
14	82841.83  	867.36    	16579.63  	131.31    	20670.35  	6878.76   	17.32     	
15	84496.06  	1776.68   	13743.29  	116.16    	8150.92   	6901.70   	18.06     	
