Throughput: 1126.032034665237
AverageTotalTimeBreakdownReport
thread_id	 total_time	 stream_process	 txn_process	 overheads
0	21296.66  	1495.38   	11069.81  	8731.48   
1	21314.82  	1554.67   	11447.17  	8312.99   
2	21306.00  	1588.02   	11376.52  	8341.46   
3	21306.08  	1551.72   	11299.71  	8454.65   
4	21306.73  	1577.65   	11457.45  	8271.62   
5	21304.88  	1413.20   	12578.68  	7313.00   
6	21305.01  	1455.52   	12613.14  	7236.35   
7	21302.64  	1408.71   	12490.53  	7403.40   
8	21246.48  	1388.45   	12674.42  	7183.61   
9	21307.69  	1390.24   	12738.81  	7178.64   
10	21299.22  	1437.81   	12405.55  	7455.86   
11	21298.12  	1414.19   	12274.72  	7609.20   
12	21299.03  	1491.90   	11250.64  	8556.48   
13	21294.43  	1458.75   	11550.99  	8284.69   
14	21234.01  	1381.46   	12372.33  	7480.22   
15	21286.98  	1424.80   	12653.91  	7208.28   
16	21293.75  	1439.47   	11558.12  	8296.16   
17	21283.41  	1461.96   	12154.03  	7667.42   
18	21283.18  	1437.65   	12225.16  	7620.38   
19	21279.88  	1435.69   	12429.98  	7414.21   
20	21278.08  	1358.75   	12107.30  	7812.02   
21	21274.55  	1412.78   	11899.86  	7961.91   
22	21271.81  	1419.08   	11921.73  	7931.01   
23	21264.61  	1395.25   	11822.68  	8046.69   
phase_id	 throughput
0	1127.3391 	
SchedulerTimeBreakdownReport
thread_id	 explore_time	 next_time	 useful_time	 notify_time	 construct_time	 first_explore_time	 scheduler_switch
0	3783.11   	4.74      	5176.76   	8.46      	5337.84   	1301.57   	0.00      	
1	4063.05   	5.04      	5264.11   	8.21      	5075.78   	1227.16   	0.00      	
2	4111.76   	4.85      	5186.98   	8.48      	5144.35   	1264.21   	0.00      	
3	4014.09   	5.13      	5189.66   	8.54      	5202.29   	1226.90   	0.00      	
4	4138.53   	5.09      	5211.08   	9.20      	5091.58   	1246.21   	0.00      	
5	5401.20   	4.82      	5123.88   	7.63      	4586.49   	1295.56   	0.00      	
6	5442.57   	5.54      	5096.32   	23.81     	4574.93   	1336.77   	0.00      	
7	5293.80   	5.36      	5134.13   	7.89      	4585.93   	1299.21   	0.00      	
8	5488.61   	4.65      	5112.50   	7.80      	4533.55   	1341.26   	0.00      	
9	5575.20   	4.88      	5095.37   	7.58      	4486.69   	1294.02   	0.00      	
10	5239.12   	19.82     	5111.54   	8.17      	4593.21   	1269.26   	0.00      	
11	5068.05   	4.34      	5130.91   	7.84      	4650.96   	1288.42   	0.00      	
12	4009.99   	5.20      	5183.09   	7.96      	5245.78   	1239.86   	0.00      	
13	4393.31   	5.65      	5079.86   	30.25     	5071.47   	1280.53   	0.00      	
14	5133.86   	5.43      	5154.93   	8.96      	4628.55   	1315.06   	0.00      	
15	5472.89   	4.54      	5122.16   	7.52      	4529.16   	1300.27   	0.00      	
16	4322.20   	5.04      	5157.48   	7.64      	5043.91   	1251.67   	0.00      	
17	4974.43   	4.85      	5134.84   	8.16      	4690.75   	1302.09   	0.00      	
18	5092.13   	5.13      	5089.27   	24.40     	4672.72   	1290.62   	0.00      	
19	5225.97   	4.61      	5152.23   	7.88      	4590.89   	1293.10   	0.00      	
20	4846.32   	5.85      	5059.89   	8.64      	4730.75   	1246.17   	0.00      	
21	4647.02   	5.99      	5080.04   	7.56      	4855.72   	1239.59   	0.00      	
22	4624.60   	4.51      	5085.85   	7.61      	4861.02   	1243.48   	0.00      	
23	4585.15   	7.08      	5045.63   	7.60      	4953.45   	1263.89   	0.00      	
