Throughput: 644.8088716391729
AverageTotalTimeBreakdownReport
thread_id	 total_time	 stream_process	 txn_process	 overheads
0	37165.04  	1442.32   	21873.69  	13849.04  
1	37217.62  	1418.75   	22225.69  	13573.17  
2	37164.45  	1417.49   	22648.86  	13098.10  
3	37243.65  	1426.40   	22231.11  	13586.14  
4	37134.29  	1421.19   	19133.44  	16579.66  
5	37218.29  	1416.42   	16635.21  	19166.66  
6	37219.18  	1457.60   	18599.84  	17161.74  
7	37226.06  	1414.63   	18437.47  	17373.95  
8	37218.81  	1489.38   	19224.35  	16505.08  
9	37218.66  	1409.23   	22835.32  	12974.11  
10	37218.44  	1452.15   	17640.02  	18126.26  
11	37241.60  	1440.39   	22796.02  	13005.19  
12	37189.60  	1450.36   	22101.44  	13637.81  
13	37213.29  	1502.60   	21946.93  	13763.76  
14	37217.94  	1460.16   	22576.80  	13180.97  
15	37207.54  	1482.37   	22842.32  	12882.85  
16	37206.48  	1447.56   	22763.33  	12995.59  
17	37204.17  	1457.24   	22370.61  	13376.32  
18	37195.44  	1414.42   	16488.25  	19292.77  
19	37169.86  	1412.04   	21679.09  	14078.73  
20	37166.29  	1426.20   	22737.75  	13002.34  
21	37190.96  	1461.11   	22339.95  	13389.90  
22	37164.12  	1430.51   	22620.33  	13113.28  
23	37189.26  	1445.38   	20596.84  	15147.05  
phase_id	 throughput
0	645.1609  	
SchedulerTimeBreakdownReport
thread_id	 explore_time	 next_time	 useful_time	 notify_time	 construct_time	 first_explore_time	 scheduler_switch
0	16771.36  	2627.20   	3253.01   	4.97      	11590.54  	1299.49   	0.00      	
1	17165.90  	2622.61   	3203.95   	5.84      	11269.17  	1326.68   	0.00      	
2	17436.07  	3113.89   	3374.80   	5.29      	10919.77  	1302.31   	0.00      	
3	17211.93  	3217.61   	3159.29   	5.39      	11287.53  	1298.56   	0.00      	
4	14020.93  	3176.33   	3264.17   	5.13      	14385.05  	1298.18   	0.00      	
5	11386.74  	3053.71   	3342.99   	5.25      	16682.55  	1312.00   	0.00      	
6	13354.78  	3145.39   	3345.63   	5.01      	14675.26  	1321.85   	0.00      	
7	13216.78  	3369.91   	3318.54   	5.06      	14849.79  	1291.00   	0.00      	
8	14071.08  	3501.38   	3286.39   	12.80     	14137.58  	1319.51   	0.00      	
9	17657.33  	3511.83   	3278.24   	5.72      	10859.19  	1343.86   	0.00      	
10	12398.27  	3279.98   	3348.99   	5.00      	15866.94  	1322.52   	0.00      	
11	17580.55  	3308.53   	3318.76   	5.45      	10829.64  	1360.49   	0.00      	
12	16695.50  	3319.55   	3507.60   	5.35      	11354.61  	1315.73   	0.00      	
13	16603.98  	3344.83   	3430.07   	5.45      	11535.24  	1310.70   	0.00      	
14	17362.17  	3309.28   	3318.11   	5.63      	11017.25  	1305.25   	0.00      	
15	17657.24  	3546.81   	3306.59   	5.35      	10807.32  	1357.94   	0.00      	
16	17514.85  	3472.04   	3353.51   	5.17      	10832.69  	1365.01   	0.00      	
17	17086.48  	3465.03   	3386.43   	5.09      	11095.84  	1307.87   	0.00      	
18	11353.22  	3540.37   	3231.36   	5.03      	17008.92  	1364.42   	0.00      	
19	16499.75  	3494.55   	3271.63   	5.61      	11824.74  	1322.19   	0.00      	
20	17610.62  	3581.45   	3236.57   	5.70      	10880.34  	1322.04   	0.00      	
21	17230.35  	3620.75   	3232.04   	9.04      	11160.63  	1324.96   	0.00      	
22	17501.09  	3539.14   	3241.00   	4.93      	10932.56  	1332.37   	0.00      	
23	15472.60  	3656.03   	3228.16   	4.75      	12878.40  	1283.28   	0.00      	
