Throughput: 1044.8503500799243
AverageTotalTimeBreakdownReport
thread_id	 total_time	 stream_process	 txn_process	 overheads
0	22904.26  	1534.79   	12009.09  	9360.37   
1	22927.74  	1572.88   	12933.80  	8421.06   
2	22909.84  	1541.39   	12662.21  	8706.24   
3	22911.29  	1524.25   	13177.60  	8209.44   
4	22927.54  	1505.96   	13030.51  	8391.07   
5	22910.04  	1473.69   	13302.93  	8133.42   
6	22911.08  	1518.32   	12995.12  	8397.64   
7	22926.82  	1516.22   	13016.85  	8393.74   
8	22927.62  	1516.48   	13153.17  	8257.96   
9	22909.78  	1456.18   	13465.36  	7988.25   
10	22907.74  	1541.92   	13269.17  	8096.65   
11	22922.62  	1515.26   	13377.40  	8029.96   
12	22894.85  	1540.24   	13158.45  	8196.17   
13	22910.31  	1534.02   	13137.89  	8238.39   
14	22905.89  	1581.03   	13142.20  	8182.66   
15	22800.17  	1451.08   	13403.98  	7945.11   
16	22887.39  	1536.85   	13086.63  	8263.91   
17	22931.00  	1491.26   	13219.24  	8220.51   
18	22892.59  	1456.74   	12133.27  	9302.58   
19	22925.82  	1508.30   	11417.92  	9999.59   
20	22924.99  	1505.77   	12381.02  	9038.19   
21	22922.90  	1532.90   	12623.92  	8766.08   
22	22869.10  	1464.16   	13336.22  	8068.72   
23	22868.36  	1468.99   	12912.44  	8486.93   
phase_id	 throughput
0	1047.7892 	
SchedulerTimeBreakdownReport
thread_id	 explore_time	 next_time	 useful_time	 notify_time	 construct_time	 first_explore_time	 scheduler_switch
0	7424.15   	1012.90   	2785.84   	5.04      	7012.88   	1245.50   	0.00      	
1	8243.90   	963.14    	2878.72   	5.16      	6169.51   	1286.47   	0.00      	
2	8022.14   	993.23    	2816.57   	4.98      	6335.77   	1303.70   	0.00      	
3	8385.36   	923.64    	2954.70   	5.07      	5925.70   	1294.40   	0.00      	
4	8290.02   	1290.40   	2931.72   	4.85      	6020.67   	1275.82   	0.00      	
5	8579.54   	1365.13   	2901.04   	5.16      	5924.57   	1301.52   	0.00      	
6	8282.03   	1372.86   	2884.45   	4.88      	6045.07   	1310.15   	0.00      	
7	8504.33   	1421.26   	2700.68   	4.56      	6051.84   	1307.04   	0.00      	
8	8452.70   	1411.67   	2882.52   	4.92      	5986.51   	1286.08   	0.00      	
9	8915.49   	1351.16   	2710.30   	17.94     	5837.19   	1326.26   	0.00      	
10	8735.79   	1434.80   	2707.48   	4.77      	5945.64   	1328.00   	0.00      	
11	8948.59   	1467.59   	2618.98   	4.95      	5871.56   	1304.23   	0.00      	
12	8581.80   	1435.89   	2751.70   	4.95      	5985.43   	1305.22   	0.00      	
13	8609.07   	1505.34   	2695.81   	4.72      	6002.80   	1267.41   	0.00      	
14	8846.28   	1690.05   	2473.19   	4.51      	5936.13   	1289.24   	0.00      	
15	9077.60   	1598.55   	2505.38   	4.54      	5859.24   	1346.56   	0.00      	
16	8761.49   	1639.07   	2495.50   	4.66      	6024.76   	1286.83   	0.00      	
17	8739.33   	1551.49   	2571.27   	4.79      	5984.03   	1312.67   	0.00      	
18	7605.45   	1564.27   	2597.05   	4.91      	6844.99   	1293.84   	0.00      	
19	6926.36   	1599.11   	2565.92   	4.69      	7529.05   	1333.14   	0.00      	
20	7723.78   	1517.24   	2738.17   	4.65      	6636.95   	1246.98   	0.00      	
21	8159.02   	1644.00   	2555.56   	4.79      	6340.49   	1295.42   	0.00      	
22	8846.46   	1591.76   	2596.54   	4.90      	5944.19   	1310.56   	0.00      	
23	8214.87   	1544.01   	2766.81   	5.16      	6224.89   	1286.65   	0.00      	
