Throughput: 504.0748136984146
AverageTotalTimeBreakdownReport
thread_id	 total_time	 stream_process	 txn_process	 overheads
0	47598.60  	1094.68   	21494.53  	25009.39  
1	47594.77  	1083.96   	23928.23  	22582.58  
2	47607.75  	1189.18   	20489.95  	25928.62  
3	47585.16  	1082.42   	20007.53  	26495.21  
4	47599.08  	1056.56   	25760.97  	20781.55  
5	47588.52  	1055.85   	20606.39  	25926.28  
6	47601.19  	1056.72   	28398.50  	18145.96  
7	47607.48  	1067.85   	28902.69  	17636.95  
8	47565.74  	994.53    	28939.61  	17631.59  
9	47562.94  	991.61    	27156.45  	19414.88  
10	47589.51  	1037.44   	28895.94  	17656.13  
11	47600.85  	1068.33   	28815.11  	17717.42  
12	47554.26  	975.90    	28765.40  	17812.97  
13	47564.71  	1039.99   	19891.68  	26633.04  
14	47557.54  	1040.35   	27004.88  	19512.30  
15	47545.57  	980.51    	28865.83  	17699.23  
16	47568.26  	985.65    	29136.32  	17446.29  
17	47573.81  	1033.10   	28325.37  	18215.33  
18	47584.84  	1077.29   	28183.48  	18324.07  
19	47583.89  	1061.95   	28120.64  	18401.30  
20	47541.44  	1016.70   	27191.41  	19333.34  
21	47512.22  	1016.26   	29268.51  	17227.44  
22	47555.80  	1028.25   	28959.55  	17568.00  
23	47568.76  	1044.93   	27852.81  	18671.02  
phase_id	 throughput
0	504.4612  	
SchedulerTimeBreakdownReport
thread_id	 explore_time	 next_time	 useful_time	 notify_time	 construct_time	 first_explore_time	 scheduler_switch
0	15655.01  	2021.57   	4043.86   	5.24      	21442.32  	1320.51   	0.00      	
1	18113.37  	3375.63   	4016.67   	16.21     	18991.06  	1326.25   	0.00      	
2	14560.93  	3625.99   	4113.06   	5.63      	21931.52  	1284.50   	0.00      	
3	14176.09  	3717.16   	4010.90   	5.51      	22637.14  	1325.57   	0.00      	
4	20002.37  	4003.16   	3947.72   	5.28      	17118.94  	1285.41   	0.00      	
5	14751.74  	3930.22   	4053.53   	5.03      	22191.13  	1298.59   	0.00      	
6	22451.08  	3911.79   	4136.72   	5.22      	14663.92  	1351.83   	0.00      	
7	23098.44  	4051.47   	3995.86   	5.31      	14172.04  	1342.95   	0.00      	
8	23138.59  	4012.03   	3970.76   	5.11      	14159.85  	1346.76   	0.00      	
9	21339.85  	4023.35   	4021.29   	5.55      	15893.16  	1286.73   	0.00      	
10	23082.74  	4041.64   	4008.86   	5.39      	14195.07  	1314.68   	0.00      	
11	22990.81  	4062.52   	4005.93   	6.15      	14247.14  	1353.40   	0.00      	
12	22858.93  	4004.75   	4086.73   	6.78      	14311.11  	1305.30   	0.00      	
13	14074.31  	4081.44   	4001.90   	6.01      	22872.54  	1381.52   	0.00      	
14	21183.69  	4011.51   	4022.14   	5.53      	15863.79  	1286.69   	0.00      	
15	23050.29  	4038.40   	3983.37   	6.06      	14228.52  	1344.05   	0.00      	
16	23301.79  	4034.16   	4028.43   	5.42      	13999.66  	1359.81   	0.00      	
17	22436.92  	4033.64   	4068.50   	5.17      	14688.37  	1314.63   	0.00      	
18	22342.60  	4153.46   	4035.40   	5.88      	14820.21  	1304.67   	0.00      	
19	22221.83  	3966.43   	4105.19   	5.64      	14907.50  	1314.87   	0.00      	
20	21291.64  	4033.66   	4080.74   	5.19      	15809.94  	1303.61   	0.00      	
21	23518.69  	4145.89   	3938.49   	5.14      	13887.55  	1388.51   	0.00      	
22	23233.58  	4195.29   	3916.19   	5.78      	14171.83  	1377.53   	0.00      	
23	22137.06  	4211.06   	3901.69   	5.52      	15239.49  	1334.08   	0.00      	
