Throughput: 452.69657116401817
AverageTotalTimeBreakdownReport
thread_id	 total_time	 stream_process	 txn_process	 overheads
0	52980.66  	1149.25   	23369.78  	28461.62  
1	52983.54  	1145.42   	23816.40  	28021.72  
2	52983.38  	1194.66   	24594.60  	27194.12  
3	52983.59  	1133.05   	33191.48  	18659.06  
4	52918.50  	1106.45   	20298.06  	31513.99  
5	52962.68  	1164.56   	32845.54  	18952.58  
6	52918.50  	1082.39   	30622.64  	21213.47  
7	52962.77  	1168.40   	31415.83  	20378.53  
8	52983.15  	1094.49   	33101.24  	18787.43  
9	52982.88  	1171.86   	33441.90  	18369.12  
10	52982.82  	1138.26   	23240.64  	28603.91  
11	53007.64  	1139.53   	32813.99  	19054.12  
12	52982.65  	1132.04   	26158.25  	25692.35  
13	52982.39  	1152.39   	29232.81  	22597.20  
14	52915.89  	1124.09   	32753.36  	19038.44  
15	52979.82  	1228.75   	33540.24  	18210.83  
16	52979.04  	1122.48   	33126.60  	18729.96  
17	52976.69  	1157.99   	32807.67  	19011.03  
18	52910.91  	1089.38   	32212.78  	19608.75  
19	52972.70  	1150.34   	31386.23  	20436.13  
20	52988.40  	1133.70   	33183.78  	18670.93  
21	52962.94  	1163.04   	33388.84  	18411.06  
22	52966.95  	1150.00   	32826.06  	18990.90  
23	52961.56  	1138.21   	29039.85  	22783.50  
phase_id	 throughput
0	453.1046  	
SchedulerTimeBreakdownReport
thread_id	 explore_time	 next_time	 useful_time	 notify_time	 construct_time	 first_explore_time	 scheduler_switch
0	17475.55  	2286.06   	4250.06   	5.90      	25298.37  	1288.65   	0.00      	
1	17928.86  	2230.31   	4258.18   	6.42      	24810.59  	1349.50   	0.00      	
2	18680.68  	2051.34   	4288.29   	5.39      	24060.08  	1326.95   	0.00      	
3	27336.26  	2255.18   	4203.34   	5.92      	15931.74  	1347.17   	0.00      	
4	14401.34  	3278.91   	4250.57   	5.91      	28512.14  	1367.75   	0.00      	
5	26940.32  	3292.90   	4281.52   	5.23      	16224.14  	1369.29   	0.00      	
6	24640.65  	3791.92   	4349.72   	6.17      	18417.11  	1321.87   	0.00      	
7	25465.96  	3823.72   	4323.58   	5.48      	17565.93  	1313.96   	0.00      	
8	27224.26  	4013.44   	4222.45   	6.21      	15955.33  	1343.82   	0.00      	
9	27694.79  	4123.65   	4108.28   	16.80     	15657.21  	1374.35   	0.00      	
10	17342.11  	3919.20   	4266.02   	5.57      	25660.12  	1338.24   	0.00      	
11	26928.41  	4008.75   	4267.96   	6.46      	16205.82  	1311.50   	0.00      	
12	20198.79  	3922.47   	4328.31   	5.86      	22783.23  	1340.22   	0.00      	
13	23300.47  	3959.28   	4298.78   	5.83      	19693.44  	1329.91   	0.00      	
14	26853.84  	4096.54   	4278.66   	6.69      	16201.05  	1323.67   	0.00      	
15	27673.90  	4124.73   	4219.02   	5.99      	15574.07  	1391.12   	0.00      	
16	27196.98  	4092.16   	4291.85   	5.96      	15915.90  	1350.35   	0.00      	
17	26857.52  	3930.81   	4303.99   	5.94      	16190.79  	1347.47   	0.00      	
18	26296.72  	4102.16   	4300.22   	5.52      	16793.32  	1345.80   	0.00      	
19	25426.90  	4018.90   	4292.97   	5.78      	17607.52  	1344.92   	0.00      	
20	27285.33  	4177.46   	4235.83   	6.33      	15879.48  	1341.93   	0.00      	
21	27498.71  	4156.01   	4222.13   	6.05      	15714.28  	1409.17   	0.00      	
22	26934.67  	4262.48   	4255.03   	5.76      	16176.64  	1327.24   	0.00      	
23	23095.63  	4180.15   	4317.74   	5.86      	19979.48  	1363.37   	0.00      	
