Throughput: 728.743797403703
AverageTotalTimeBreakdownReport
thread_id	 total_time	 stream_process	 txn_process	 overheads
0	32911.34  	1198.56   	19403.22  	12309.57  
1	32916.36  	1379.10   	19719.93  	11817.33  
2	32896.26  	1328.80   	20340.85  	11226.62  
3	32896.66  	1459.39   	20155.77  	11281.50  
4	32916.41  	1338.81   	19696.07  	11881.53  
5	32916.32  	1340.75   	19858.82  	11716.74  
6	32916.41  	1259.48   	18802.94  	12854.00  
7	32896.61  	1335.57   	19460.89  	12100.15  
8	32916.38  	1360.28   	17747.63  	13808.47  
9	32912.97  	1264.86   	17805.32  	13842.79  
10	32911.84  	1315.55   	19963.74  	11632.55  
11	32910.52  	1301.67   	14680.13  	16928.72  
12	32889.89  	1354.71   	19533.36  	12001.81  
13	32746.42  	1136.08   	15942.48  	15667.86  
14	32907.43  	1147.75   	18089.56  	13670.12  
15	32718.01  	1144.13   	18834.12  	12739.76  
16	32710.45  	1136.07   	17475.48  	14098.90  
17	32875.85  	1165.91   	17935.64  	13774.30  
18	32832.61  	1109.30   	18365.33  	13357.98  
19	32893.57  	1189.71   	19136.29  	12567.58  
20	32891.18  	1129.43   	20247.91  	11513.84  
21	32702.78  	1114.01   	20378.72  	11210.05  
22	32887.87  	1126.76   	19575.13  	12185.97  
23	32885.23  	1151.99   	19578.00  	12155.25  
phase_id	 throughput
0	730.1715  	
SchedulerTimeBreakdownReport
thread_id	 explore_time	 next_time	 useful_time	 notify_time	 construct_time	 first_explore_time	 scheduler_switch
0	14765.28  	2601.17   	3054.82   	5.63      	9278.15   	1303.97   	0.00      	
1	15109.13  	3043.82   	3057.08   	5.20      	9110.31   	1350.91   	0.00      	
2	15756.61  	3150.06   	3025.80   	5.74      	8534.64   	1373.02   	0.00      	
3	15596.44  	3024.22   	3000.01   	5.36      	8618.67   	1357.17   	0.00      	
4	15033.26  	2944.23   	3067.31   	5.15      	9072.80   	1303.47   	0.00      	
5	15300.18  	2893.31   	2979.68   	5.45      	8911.99   	1326.65   	0.00      	
6	14091.56  	3020.99   	3110.61   	5.30      	9919.88   	1336.09   	0.00      	
7	14876.12  	3043.88   	3007.02   	33.79     	9293.28   	1325.55   	0.00      	
8	12958.03  	2950.52   	3239.23   	5.38      	10791.49  	1286.84   	0.00      	
9	13106.61  	3234.30   	3097.03   	5.04      	10836.35  	1284.46   	0.00      	
10	15180.95  	3001.69   	3206.15   	5.23      	8707.55   	1326.79   	0.00      	
11	10024.63  	3184.67   	3093.06   	9.14      	13949.46  	1405.11   	0.00      	
12	14683.16  	3019.39   	3282.09   	5.39      	9195.47   	1363.56   	0.00      	
13	10991.79  	2978.58   	3342.80   	5.56      	12638.44  	1325.15   	0.00      	
14	13307.74  	3043.62   	3142.88   	5.30      	10645.91  	1307.52   	0.00      	
15	14002.26  	3066.62   	3209.21   	5.22      	9881.06   	1319.62   	0.00      	
16	12610.02  	2990.94   	3237.99   	5.22      	11188.31  	1294.70   	0.00      	
17	13021.68  	3076.67   	3295.45   	5.60      	10788.71  	1332.50   	0.00      	
18	13440.25  	3031.67   	3286.99   	5.35      	10270.00  	1287.33   	0.00      	
19	14357.32  	3115.23   	3136.42   	5.29      	9582.97   	1315.52   	0.00      	
20	15431.15  	3136.18   	3166.65   	5.49      	8617.46   	1368.99   	0.00      	
21	15585.64  	3239.26   	3114.78   	4.98      	8482.72   	1368.61   	0.00      	
22	14734.70  	3209.61   	3204.17   	5.41      	9208.67   	1302.56   	0.00      	
23	14938.40  	3254.27   	2974.26   	13.35     	9187.79   	1319.70   	0.00      	
