Throughput: 129.68204194862682
AverageTotalTimeBreakdownReport
thread_id	 total_time	 stream_process	 txn_process	 overheads
0	159832.28 	12172.29  	146996.67 	663.31    
1	159822.72 	13574.17  	145613.06 	635.50    
2	159821.41 	13559.44  	145600.58 	661.39    
3	159846.05 	13547.26  	145676.90 	621.89    
4	159828.19 	13125.84  	146109.35 	592.99    
5	159826.89 	13492.42  	145669.56 	664.91    
6	159824.51 	13159.09  	146060.32 	605.10    
7	159823.86 	13613.24  	145550.92 	659.70    
8	159823.83 	13570.10  	145586.29 	667.44    
9	159818.15 	13378.63  	145741.26 	698.26    
10	159825.83 	12523.48  	146670.19 	632.17    
11	159820.14 	13019.05  	146110.96 	690.13    
12	159824.58 	12785.84  	146285.78 	752.96    
13	159818.94 	12423.07  	146659.40 	736.47    
14	159834.47 	11485.66  	147621.44 	727.37    
15	159816.20 	11307.70  	147766.94 	741.55    
16	159810.80 	10575.29  	148493.50 	742.01    
17	159830.28 	10759.20  	148346.37 	724.71    
18	159820.27 	11033.48  	148003.31 	783.48    
19	159819.00 	11097.62  	148017.43 	703.96    
phase_id	 throughput
0	199.2399  	
1	253.0893  	
2	298.8183  	
3	324.7291  	
4	296.2271  	
5	76.1121   	
6	217.2402  	
7	153.0638  	
8	126.4152  	
9	116.4888  	
10	121.4658  	
11	111.3758  	
12	62.5201   	
13	69.7464   	
14	78.2340   	
SchedulerTimeBreakdownReport
thread_id	 explore_time	 next_time	 useful_time	 notify_time	 construct_time	 first_explore_time	 scheduler_switch
0	69586.61  	742.82    	76318.36  	428.46    	6978.15   	16629.06  	0.06      	
1	74101.31  	2985.45   	70375.56  	495.88    	6949.15   	17032.84  	0.05      	
2	73497.28  	2187.75   	70966.77  	447.33    	6959.08   	16393.80  	0.07      	
3	97566.98  	7610.17   	46955.73  	404.52    	6900.04   	16262.49  	0.10      	
4	109157.54 	8261.37   	35824.22  	312.22    	6623.42   	14266.86  	0.06      	
5	104900.11 	7340.43   	39616.31  	331.21    	6944.61   	14846.54  	0.05      	
6	115458.12 	8342.98   	29452.71  	280.57    	6719.62   	13268.43  	0.06      	
7	118078.63 	8743.46   	26311.13  	278.17    	6956.31   	13257.81  	0.06      	
8	119980.47 	8313.74   	24466.85  	263.44    	6936.67   	12477.50  	0.05      	
9	121677.01 	7028.22   	22998.07  	252.25    	7202.35   	12670.33  	0.09      	
10	118130.11 	5856.05   	27411.66  	255.60    	6626.47   	12728.53  	0.06      	
11	123075.24 	5471.35   	21890.23  	257.79    	7021.58   	11863.04  	0.05      	
12	124464.30 	7822.29   	20657.27  	237.00    	7119.05   	11959.95  	0.06      	
13	125663.75 	4851.54   	19896.90  	232.25    	7295.45   	11946.68  	0.06      	
14	127398.46 	2545.90   	19112.67  	233.70    	7087.71   	11873.29  	0.07      	
15	123710.90 	1721.77   	22905.37  	254.47    	7342.66   	12934.75  	0.05      	
16	128617.36 	2143.17   	18729.15  	234.79    	6964.80   	11697.25  	0.05      	
17	129200.80 	1347.47   	17982.60  	223.90    	7065.62   	11641.55  	0.09      	
18	129361.03 	1262.37   	17491.99  	222.21    	7233.18   	12032.45  	0.05      	
19	129919.87 	1298.27   	17000.00  	212.06    	7345.34   	11616.65  	0.04      	
