Throughput: 139.06471361693474
AverageTotalTimeBreakdownReport
thread_id	 total_time	 stream_process	 txn_process	 overheads
0	171482.46 	316.67    	15085.28  	156080.51 
1	171969.52 	197.92    	15551.66  	156219.93 
2	171642.63 	328.57    	15206.30  	156107.76 
3	171673.25 	214.77    	15256.14  	156202.33 
4	171726.03 	276.18    	15303.83  	156146.02 
5	171778.36 	243.54    	15357.82  	156176.99 
6	171894.93 	317.51    	15479.48  	156097.94 
7	171731.90 	237.50    	15311.54  	156182.86 
8	171780.49 	337.31    	15342.92  	156100.26 
9	171869.80 	334.55    	15437.33  	156097.92 
10	171316.96 	332.84    	14869.26  	156114.86 
11	172564.53 	326.27    	16118.74  	156119.52 
12	170993.10 	341.38    	14545.92  	156105.80 
13	171323.68 	477.55    	14905.89  	155940.25 
14	171906.98 	341.29    	15471.38  	156094.31 
15	171502.58 	336.15    	15081.22  	156085.20 
16	171447.18 	284.84    	15048.88  	156113.46 
17	171178.36 	348.47    	14753.31  	156076.58 
18	172174.12 	324.96    	15741.49  	156107.67 
19	171738.98 	330.92    	15321.49  	156086.57 
20	171023.96 	341.29    	14595.16  	156087.51 
21	171345.58 	331.98    	14950.07  	156063.53 
22	171294.13 	342.57    	14893.62  	156057.94 
23	171339.18 	322.36    	14918.32  	156098.49 
phase_id	 throughput
0	139.8506  	
TransactionBreakdownRatioReport
thread_id	 index_ratio	 useful_ratio	 sync_ratio	 lock_ratio
0	205.99    	11072.56  	1790.16   	1286.42   	
1	197.10    	11158.12  	1716.64   	1371.01   	
2	191.86    	11024.22  	1696.53   	1345.90   	
3	197.49    	11067.98  	1684.11   	1335.18   	
4	189.98    	11014.44  	1700.47   	1338.14   	
5	178.84    	11074.20  	1752.67   	1366.62   	
6	203.64    	11064.59  	1763.56   	1370.11   	
7	199.72    	11040.18  	1703.23   	1303.11   	
8	183.87    	11062.76  	1706.21   	1305.06   	
9	190.66    	11029.64  	1751.88   	1352.67   	
10	189.99    	11032.27  	1653.94   	1268.91   	
11	187.96    	11163.83  	1898.21   	1487.16   	
12	194.67    	10890.33  	1427.63   	1036.66   	
13	183.67    	10844.18  	1493.38   	1081.39   	
14	182.42    	10931.25  	1598.11   	1196.89   	
15	192.31    	10858.07  	1519.69   	1091.71   	
16	197.00    	10884.10  	1542.20   	1128.90   	
17	199.08    	10954.26  	1529.92   	1120.92   	
18	195.77    	11062.58  	1658.02   	1253.22   	
19	232.60    	11096.62  	1566.56   	1136.25   	
20	192.71    	10882.39  	1492.12   	1079.74   	
21	201.44    	10851.61  	1516.72   	1112.90   	
22	197.08    	10842.91  	1490.76   	1090.86   	
23	188.96    	10940.04  	1552.89   	1108.43   	
