Throughput: 368.4558816978044
AverageTotalTimeBreakdownReport
thread_id	 total_time	 stream_process	 txn_process	 overheads
0	65075.48  	641.77    	46128.48  	18305.23  
1	65090.38  	638.81    	54478.38  	9973.19   
2	65101.36  	692.16    	53044.37  	11364.82  
3	65092.95  	627.99    	36238.70  	28226.26  
4	65095.65  	663.81    	46991.33  	17440.50  
5	65086.12  	620.80    	54553.82  	9911.51   
6	65084.40  	656.10    	40803.73  	23624.56  
7	65073.82  	635.88    	49401.92  	15036.02  
8	65090.82  	662.14    	47740.04  	16688.64  
9	65092.14  	651.55    	55174.79  	9265.80   
10	65078.82  	668.49    	51854.99  	12555.34  
11	65099.52  	689.34    	51142.44  	13267.74  
12	65077.06  	604.75    	48922.33  	15549.98  
13	65069.97  	634.48    	47043.74  	17391.75  
14	65091.46  	669.10    	45988.88  	18433.47  
15	65064.51  	646.17    	54968.19  	9450.15   
16	65080.27  	636.12    	55177.25  	9266.90   
17	65081.15  	671.61    	54170.64  	10238.90  
18	65057.49  	622.42    	46477.64  	17957.44  
19	65102.55  	744.52    	40415.88  	23942.15  
20	65106.17  	762.80    	55667.65  	8675.73   
21	65117.40  	788.72    	56247.42  	8081.26   
22	65103.21  	751.19    	56133.12  	8218.90   
23	65103.68  	733.83    	53377.57  	10992.28  
phase_id	 throughput
0	368.7305  	
SchedulerTimeBreakdownReport
thread_id	 explore_time	 next_time	 useful_time	 notify_time	 construct_time	 first_explore_time	 scheduler_switch
0	33121.22  	279.82    	11740.40  	253.85    	16170.49  	13176.28  	0.00      	
1	47088.21  	192.47    	6120.94   	174.64    	7626.05   	13181.40  	0.00      	
2	46718.36  	154.39    	5100.28   	140.71    	9014.42   	13186.99  	0.00      	
3	30350.85  	137.61    	4612.71   	119.14    	26119.51  	13180.66  	0.00      	
4	41404.28  	126.81    	4341.12   	108.45    	15142.51  	13198.93  	0.00      	
5	49267.35  	112.47    	4002.71   	93.92     	7566.31   	13173.58  	0.00      	
6	35883.11  	104.64    	3676.47   	86.86     	21465.12  	13181.60  	0.00      	
7	44537.27  	104.16    	3598.42   	91.55     	12743.16  	13159.83  	0.00      	
8	43081.06  	95.93     	3412.71   	78.81     	14350.43  	13197.60  	0.00      	
9	50741.58  	89.50     	3169.43   	70.39     	6934.14   	13181.68  	0.00      	
10	47576.85  	85.27     	3045.73   	66.45     	10309.95  	13192.71  	0.00      	
11	47004.98  	78.99     	2899.89   	61.00     	10976.27  	13176.99  	0.00      	
12	44840.10  	76.75     	2791.39   	59.65     	13292.27  	13165.57  	0.00      	
13	43209.42  	75.18     	2567.54   	58.84     	15138.09  	13179.94  	0.00      	
14	42202.37  	69.40     	2540.92   	58.18     	16193.75  	13198.49  	0.00      	
15	51320.34  	66.60     	2399.52   	55.41     	7116.83   	13206.18  	0.00      	
16	51632.56  	64.07     	2270.29   	54.78     	6921.95   	13172.07  	0.00      	
17	50783.64  	62.40     	2147.16   	52.23     	7841.56   	13193.67  	0.00      	
18	43116.27  	60.95     	2076.26   	49.66     	15749.76  	13180.75  	0.00      	
19	37264.63  	60.05     	1945.73   	50.82     	22116.66  	13162.19  	0.00      	
20	52572.24  	59.96     	1894.89   	49.06     	6938.34   	13171.07  	0.00      	
21	53207.82  	55.88     	1841.16   	48.03     	6411.40   	13184.63  	0.00      	
22	53121.32  	54.71     	1798.22   	44.57     	6458.38   	13192.72  	0.00      	
23	49948.73  	53.36     	2192.26   	45.84     	9240.32   	13197.94  	0.00      	
