Throughput: 84.65043115023843
AverageTotalTimeBreakdownReport
thread_id	 total_time	 stream_process	 txn_process	 overheads
0	283433.42 	664.03    	177542.43 	105226.96 
1	283468.18 	660.54    	255877.63 	26930.00  
2	283468.64 	674.72    	276782.16 	6011.76   
3	283467.51 	664.27    	275235.54 	7567.70   
4	283468.58 	659.94    	182109.64 	100699.00 
5	283488.42 	629.93    	105178.22 	177680.27 
6	283467.51 	626.24    	180351.89 	102489.38 
7	283468.43 	630.78    	167300.66 	115537.00 
8	283471.82 	656.34    	85553.91  	197261.57 
9	283467.40 	670.73    	254369.44 	28427.23  
10	283467.37 	667.51    	163991.43 	118808.43 
11	283467.81 	648.64    	189583.69 	93235.48  
12	283487.41 	661.58    	173356.67 	109469.16 
13	283467.65 	684.17    	266025.31 	16758.18  
14	283466.26 	658.42    	237751.69 	45056.15  
15	283465.17 	661.90    	239632.79 	43170.49  
16	283484.63 	662.47    	218186.46 	64635.70  
17	283434.71 	655.71    	230424.40 	52354.61  
18	283463.44 	648.78    	190730.22 	92084.45  
19	283481.81 	637.41    	179335.05 	103509.35 
20	283481.77 	603.09    	231041.26 	51837.41  
21	283497.18 	625.24    	258363.97 	24507.96  
22	283503.91 	631.11    	274787.12 	8085.67   
23	283496.08 	598.37    	273886.00 	9011.71   
phase_id	 throughput
0	84.6644   	
SchedulerTimeBreakdownReport
thread_id	 explore_time	 next_time	 useful_time	 notify_time	 construct_time	 first_explore_time	 scheduler_switch
0	143395.08 	481.47    	32889.60  	431.59    	103126.24 	27677.94  	0.00      	
1	249048.28 	148.57    	5570.19   	135.95    	25129.24  	27686.69  	0.00      	
2	271864.71 	91.44     	3664.75   	84.42     	4345.04   	27677.95  	0.00      	
3	271178.32 	67.00     	2806.64   	63.89     	5839.15   	27653.07  	0.00      	
4	178531.19 	55.18     	2326.22   	52.35     	98710.18  	27632.80  	0.00      	
5	101926.06 	50.21     	1965.20   	43.39     	175536.86 	27633.78  	0.00      	
6	177271.16 	42.32     	1798.63   	37.06     	100424.49 	27660.79  	0.00      	
7	164414.21 	37.34     	1621.83   	31.64     	113542.32 	27660.78  	0.00      	
8	82826.71  	31.84     	1474.52   	26.24     	195091.07 	27664.62  	0.00      	
9	251734.82 	30.14     	1393.11   	25.65     	26576.12  	27682.63  	0.00      	
10	161487.24 	28.37     	1249.80   	22.20     	116809.79 	27664.18  	0.00      	
11	187138.13 	23.77     	1182.65   	19.35     	91263.50  	27658.28  	0.00      	
12	170917.94 	25.69     	1168.78   	19.27     	107412.05 	27658.16  	0.00      	
13	263696.06 	21.98     	1074.07   	16.20     	14967.68  	27657.65  	0.00      	
14	235466.84 	22.18     	1009.39   	20.15     	43208.46  	27671.41  	0.00      	
15	237443.15 	19.31     	943.32    	19.84     	41332.75  	27677.37  	0.00      	
16	215996.15 	18.12     	917.42    	13.69     	62683.64  	27664.42  	0.00      	
17	228329.96 	17.17     	835.25    	13.59     	50449.28  	27682.15  	0.00      	
18	188695.17 	17.07     	766.70    	12.92     	90041.69  	27651.84  	0.00      	
19	177332.66 	16.08     	696.78    	13.30     	101660.71 	27680.10  	0.00      	
20	229048.92 	25.77     	620.38    	11.32     	50362.25  	27649.52  	0.00      	
21	256415.28 	16.42     	573.90    	10.78     	23019.08  	27669.52  	0.00      	
22	272863.86 	12.91     	523.33    	11.70     	6558.82   	27658.55  	0.00      	
23	271917.80 	11.24     	547.22    	10.22     	7487.60   	27699.25  	0.00      	
