Throughput: 166.58282804834198
AverageTotalTimeBreakdownReport
thread_id	 total_time	 stream_process	 txn_process	 overheads
0	143956.64 	828.43    	125566.70 	17561.51  
1	143957.81 	824.63    	133135.22 	9997.97   
2	143973.86 	833.50    	135394.67 	7745.69   
3	143973.07 	832.34    	130034.46 	13106.27  
4	143990.67 	845.81    	120744.94 	22399.92  
5	144002.17 	851.95    	126393.89 	16756.33  
6	143968.46 	813.77    	113270.47 	29884.22  
7	143996.18 	837.14    	88855.57  	54303.46  
8	143992.62 	809.11    	108478.75 	34704.76  
9	144072.11 	917.99    	130193.82 	12960.30  
10	143998.97 	853.54    	114078.24 	29067.18  
11	143963.33 	774.57    	85887.86  	57300.91  
12	144003.13 	849.50    	80042.13  	63111.49  
13	143963.88 	811.86    	64635.96  	78516.06  
14	143992.28 	845.73    	79654.14  	63492.41  
15	144028.39 	858.96    	90793.59  	52375.84  
16	143959.73 	832.21    	135393.04 	7734.49   
17	143997.66 	840.19    	103167.18 	39990.29  
18	143965.28 	819.36    	108239.57 	34906.35  
19	143961.48 	805.42    	71065.70  	72090.37  
20	143973.27 	833.76    	121438.97 	21700.54  
21	144015.56 	853.95    	135737.90 	7423.71   
22	144026.21 	854.99    	134137.63 	9033.59   
23	144011.28 	818.09    	115886.50 	27306.70  
phase_id	 throughput
0	166.6790  	
SchedulerTimeBreakdownReport
thread_id	 explore_time	 next_time	 useful_time	 notify_time	 construct_time	 first_explore_time	 scheduler_switch
0	103006.88 	352.97    	21305.02  	331.37    	15969.09  	26341.65  	0.00      	
1	125890.07 	187.46    	6011.28   	184.45    	8435.19   	26369.38  	0.00      	
2	129116.39 	140.49    	5041.74   	176.86    	6229.30   	26352.15  	0.00      	
3	125219.68 	110.82    	3574.76   	93.73     	11542.98  	26389.08  	0.00      	
4	116399.77 	97.44     	3103.37   	81.07     	20800.01  	26377.03  	0.00      	
5	122378.68 	86.01     	2772.33   	68.09     	15179.57  	26376.37  	0.00      	
6	109483.13 	73.84     	2536.88   	59.47     	28248.72  	26382.05  	0.00      	
7	85281.61  	60.92     	2327.35   	53.42     	52653.42  	26345.13  	0.00      	
8	105094.52 	54.09     	2108.93   	47.12     	33068.94  	26331.53  	0.00      	
9	126908.77 	51.36     	2019.59   	43.07     	11355.66  	26389.27  	0.00      	
10	110969.86 	46.29     	1865.64   	42.42     	27434.53  	26342.39  	0.00      	
11	82805.10  	59.74     	1803.80   	36.01     	55624.18  	26327.92  	0.00      	
12	77024.69  	40.31     	1753.41   	34.89     	61370.64  	26332.88  	0.00      	
13	61706.42  	38.80     	1680.81   	33.38     	76818.07  	26362.27  	0.00      	
14	76821.95  	34.24     	1584.80   	33.88     	61787.33  	26372.45  	0.00      	
15	87990.87  	34.03     	1535.79   	29.18     	50731.74  	26365.56  	0.00      	
16	132712.42 	32.68     	1432.27   	28.13     	6146.43   	26363.21  	0.00      	
17	100578.06 	32.36     	1330.27   	27.45     	38335.42  	26361.08  	0.00      	
18	105688.26 	32.39     	1290.92   	26.20     	33276.76  	26353.25  	0.00      	
19	68596.88  	28.42     	1203.49   	25.30     	70487.83  	26353.86  	0.00      	
20	119059.93 	32.20     	1113.77   	23.71     	20100.51  	26373.52  	0.00      	
21	133400.00 	25.94     	1035.91   	22.85     	5868.85   	26391.33  	0.00      	
22	131840.22 	25.77     	980.86    	22.55     	7488.59   	26372.48  	0.00      	
23	113343.75 	27.11     	1211.48   	24.26     	25755.62  	26338.79  	0.00      	
