Throughput: 727.704314753711
AverageTotalTimeBreakdownReport
thread_id	 total_time	 stream_process	 txn_process	 overheads
0	32919.55  	773.65    	17569.49  	14576.41  
1	32942.58  	825.71    	21575.82  	10541.05  
2	32920.36  	804.23    	22675.12  	9441.02   
3	32934.13  	815.99    	22086.57  	10031.56  
4	32939.77  	821.73    	22187.41  	9930.63   
5	32958.50  	824.52    	22663.86  	9470.12   
6	32922.48  	787.94    	22504.02  	9630.52   
7	32928.26  	805.23    	20062.81  	12060.23  
8	32931.55  	813.39    	22341.60  	9776.56   
9	32929.49  	833.40    	22807.10  	9288.98   
10	32922.15  	807.48    	22841.49  	9273.17   
11	32929.58  	807.73    	22063.25  	10058.60  
12	32932.66  	804.44    	21879.58  	10248.64  
13	32946.26  	823.45    	20037.04  	12085.77  
14	32935.69  	836.68    	22086.91  	10012.09  
15	32935.03  	808.96    	22727.92  	9398.15   
16	32921.64  	818.33    	22718.03  	9385.28   
17	32923.09  	798.27    	20280.97  	11843.85  
18	32939.73  	823.21    	17803.22  	14313.29  
19	32938.32  	819.10    	16788.62  	15330.60  
20	32933.09  	835.37    	20520.63  	11577.08  
21	32966.60  	609.03    	22849.29  	9508.28   
22	32970.59  	834.81    	18125.81  	14009.96  
23	32969.59  	817.99    	15997.18  	16154.42  
phase_id	 throughput
0	728.6615  	
SchedulerTimeBreakdownReport
thread_id	 explore_time	 next_time	 useful_time	 notify_time	 construct_time	 first_explore_time	 scheduler_switch
0	12690.72  	74.86     	3398.16   	66.51     	12573.53  	8290.40   	0.00      	
1	16784.76  	75.85     	3334.24   	65.42     	8516.94   	8281.27   	0.00      	
2	17915.88  	76.59     	3304.03   	64.15     	7454.16   	8297.00   	0.00      	
3	17292.23  	76.05     	3322.99   	61.97     	8015.08   	8276.04   	0.00      	
4	17367.59  	76.12     	3354.33   	62.86     	7912.38   	8309.63   	0.00      	
5	17852.63  	82.35     	3340.94   	65.48     	7476.06   	8310.76   	0.00      	
6	17665.51  	82.28     	3361.93   	67.54     	7616.71   	8297.08   	0.00      	
7	15232.68  	78.94     	3362.34   	68.14     	10050.85  	8255.30   	0.00      	
8	17534.76  	77.02     	3341.33   	69.77     	7736.20   	8275.59   	0.00      	
9	18037.41  	78.04     	3314.04   	72.56     	7346.57   	8261.82   	0.00      	
10	18056.42  	77.40     	3334.53   	67.48     	7327.40   	8265.45   	0.00      	
11	17244.24  	81.69     	3344.47   	70.75     	8031.27   	8287.07   	0.00      	
12	17010.08  	84.54     	3399.63   	72.17     	8219.18   	8259.39   	0.00      	
13	15177.02  	81.69     	3395.82   	71.57     	10118.17  	8251.27   	0.00      	
14	17266.69  	79.78     	3351.91   	72.23     	7992.69   	8299.54   	0.00      	
15	17927.59  	81.03     	3334.51   	68.37     	7405.50   	8266.72   	0.00      	
16	17933.34  	79.05     	3324.71   	73.02     	7401.07   	8286.13   	0.00      	
17	15456.19  	84.16     	3361.60   	70.57     	9818.50   	8300.53   	0.00      	
18	12987.03  	85.27     	3346.52   	67.97     	12287.18  	8245.02   	0.00      	
19	11972.90  	85.68     	3348.28   	69.02     	13305.69  	8268.09   	0.00      	
20	15740.86  	82.16     	3322.22   	66.20     	9596.45   	8296.24   	0.00      	
21	17827.08  	80.47     	3307.81   	68.60     	7534.02   	8270.93   	0.00      	
22	13271.46  	85.15     	3371.72   	69.64     	12085.30  	8286.55   	0.00      	
23	11120.71  	83.01     	3377.03   	70.36     	14235.04  	8303.47   	0.00      	
