Throughput: 524.9001702124854
AverageTotalTimeBreakdownReport
thread_id	 total_time	 stream_process	 txn_process	 overheads
0	45666.83  	603.52    	34325.47  	10737.84  
1	45658.11  	588.65    	33579.87  	11489.59  
2	45664.25  	601.88    	34205.58  	10856.80  
3	45660.41  	600.41    	34031.62  	11028.38  
4	45689.96  	598.32    	31838.20  	13253.44  
5	45687.67  	587.29    	24690.62  	20409.77  
6	45664.93  	575.68    	34147.46  	10941.79  
7	45702.07  	606.83    	33626.59  	11468.66  
8	45662.62  	590.47    	22507.91  	22564.25  
9	45665.04  	591.17    	33867.96  	11205.90  
10	45683.35  	620.53    	32803.03  	12259.79  
11	45668.33  	593.29    	30604.69  	14470.36  
12	45680.52  	601.55    	30749.15  	14329.82  
13	45677.99  	613.41    	34065.64  	10998.94  
14	45682.05  	631.79    	34337.30  	10712.97  
15	45681.94  	636.15    	34444.72  	10601.08  
16	45657.96  	603.70    	34486.36  	10567.90  
17	45649.73  	591.72    	30469.88  	14588.13  
18	45675.36  	600.09    	33753.59  	11321.68  
19	45699.35  	578.86    	30482.47  	14638.01  
20	45687.24  	553.12    	26478.92  	18655.20  
21	45709.33  	553.15    	34519.31  	10636.86  
22	45701.61  	584.70    	24073.62  	21043.29  
23	45686.23  	549.06    	34356.04  	10781.13  
phase_id	 throughput
0	525.4215  	
SchedulerTimeBreakdownReport
thread_id	 explore_time	 next_time	 useful_time	 notify_time	 construct_time	 first_explore_time	 scheduler_switch
0	27214.68  	188.42    	5922.55   	103.12    	8748.97   	10432.07  	0.00      	
1	28073.79  	165.08    	4340.31   	88.98     	9479.40   	10384.58  	0.00      	
2	29125.25  	151.04    	3919.58   	75.80     	8856.48   	10422.37  	0.00      	
3	28963.51  	147.01    	3896.11   	81.92     	9025.12   	10395.26  	0.00      	
4	27278.35  	137.10    	3382.58   	63.82     	11296.91  	10409.44  	0.00      	
5	19901.54  	134.29    	3591.91   	62.29     	18508.51  	10389.29  	0.00      	
6	29486.46  	129.42    	3475.32   	64.22     	8866.68   	10406.43  	0.00      	
7	29002.31  	130.54    	3428.45   	66.02     	9416.51   	10394.27  	0.00      	
8	17987.83  	117.72    	3346.15   	62.57     	20597.31  	10434.50  	0.00      	
9	29406.06  	114.08    	3285.97   	59.43     	9161.27   	10402.12  	0.00      	
10	28418.93  	113.13    	3211.33   	55.56     	10264.70  	10420.77  	0.00      	
11	26211.51  	110.23    	3209.93   	53.24     	12481.98  	10400.28  	0.00      	
12	26386.24  	107.72    	3179.72   	54.57     	12350.61  	10402.92  	0.00      	
13	29774.23  	108.37    	3111.93   	58.50     	8925.33   	10386.29  	0.00      	
14	30105.34  	108.38    	3052.94   	56.78     	8690.57   	10417.46  	0.00      	
15	30278.73  	105.85    	2991.18   	53.43     	8566.72   	10390.56  	0.00      	
16	30323.28  	99.09     	2977.64   	56.11     	8588.11   	10405.73  	0.00      	
17	26441.88  	96.53     	2846.32   	50.29     	12606.72  	10376.02  	0.00      	
18	29728.86  	101.73    	2830.47   	52.26     	9305.49   	10415.28  	0.00      	
19	26556.14  	97.27     	2684.33   	55.43     	12668.73  	10405.08  	0.00      	
20	22567.46  	97.69     	2658.29   	52.16     	16761.73  	10383.18  	0.00      	
21	30577.29  	98.33     	2648.27   	49.15     	8735.40   	10409.36  	0.00      	
22	20182.78  	92.26     	2646.96   	46.48     	19178.54  	10379.24  	0.00      	
23	30367.32  	88.83     	2701.66   	44.99     	8797.53   	10409.85  	0.00      	
