Throughput: 457.49952763816015
AverageTotalTimeBreakdownReport
thread_id	 total_time	 stream_process	 txn_process	 overheads
0	52370.21  	2693.06   	30498.67  	19178.48  
1	52432.30  	2781.31   	30844.57  	18806.42  
2	52432.10  	2752.62   	31516.37  	18163.10  
3	52291.02  	2722.26   	31234.41  	18334.35  
4	52432.08  	2769.72   	31302.01  	18360.35  
5	52431.98  	2777.87   	31437.05  	18217.06  
6	52296.03  	2686.38   	30779.67  	18829.98  
7	52432.35  	2719.46   	31070.57  	18642.31  
8	52307.40  	2670.16   	31254.87  	18382.37  
9	52432.29  	2791.90   	31493.81  	18146.57  
10	52431.82  	2795.31   	30779.95  	18856.56  
11	52429.95  	2785.68   	31212.49  	18431.78  
12	52427.52  	2752.73   	30997.15  	18677.65  
13	52425.96  	2776.25   	30672.48  	18977.22  
14	52278.69  	2685.03   	30607.31  	18986.35  
15	52251.99  	2678.41   	30686.58  	18887.00  
16	52418.30  	2782.19   	31406.07  	18230.04  
17	52400.21  	2719.16   	31126.16  	18554.89  
18	52244.31  	2705.84   	31147.80  	18390.67  
19	52351.46  	2675.20   	31174.31  	18501.95  
20	52387.48  	2742.95   	31576.02  	18068.51  
21	52385.28  	2734.17   	31654.16  	17996.96  
22	52234.88  	2629.60   	31473.28  	18131.99  
23	52377.13  	2767.68   	31296.31  	18313.14  
phase_id	 throughput
0	458.2701  	
SchedulerTimeBreakdownReport
thread_id	 explore_time	 next_time	 useful_time	 notify_time	 construct_time	 first_explore_time	 scheduler_switch
0	20650.09  	172.52    	6853.83   	965.52    	13535.07  	15830.78  	0.00      	
1	21093.38  	170.94    	6769.89   	946.69    	13223.87  	15779.13  	0.00      	
2	21816.77  	170.56    	6708.02   	943.99    	12715.07  	15892.20  	0.00      	
3	21698.14  	170.64    	6603.60   	936.95    	12836.67  	15694.77  	0.00      	
4	21776.76  	167.01    	6561.23   	914.55    	12850.01  	15789.98  	0.00      	
5	21787.12  	166.45    	6682.11   	935.85    	12795.05  	15819.07  	0.00      	
6	21051.84  	169.74    	6753.65   	951.26    	13307.79  	15802.39  	0.00      	
7	21166.62  	178.06    	6902.68   	954.52    	13036.47  	15669.25  	0.00      	
8	21443.31  	173.23    	6804.71   	941.21    	12930.22  	15758.37  	0.00      	
9	21835.38  	175.00    	6702.87   	928.83    	12600.74  	15809.39  	0.00      	
10	21000.83  	169.59    	6804.43   	941.75    	13304.02  	15800.59  	0.00      	
11	21497.03  	169.25    	6744.09   	932.15    	12840.69  	15809.91  	0.00      	
12	21211.76  	172.07    	6811.83   	960.96    	13070.98  	15720.89  	0.00      	
13	20848.97  	175.60    	6826.03   	954.02    	13404.83  	15803.29  	0.00      	
14	20812.73  	177.46    	6820.57   	951.21    	13438.11  	15782.54  	0.00      	
15	20842.42  	171.14    	6856.11   	937.13    	13438.63  	15791.80  	0.00      	
16	21662.36  	172.55    	6775.59   	957.44    	12762.17  	15735.11  	0.00      	
17	21272.26  	166.89    	6862.95   	948.16    	12962.68  	15829.78  	0.00      	
18	21478.22  	169.66    	6730.08   	954.60    	12843.55  	15757.40  	0.00      	
19	21402.67  	175.98    	6767.46   	958.82    	12870.56  	15715.05  	0.00      	
20	21869.39  	175.97    	6728.49   	931.91    	12553.48  	15752.78  	0.00      	
21	21883.38  	185.11    	6808.56   	941.91    	12547.70  	15723.63  	0.00      	
22	21740.80  	167.52    	6732.19   	958.56    	12642.96  	15730.13  	0.00      	
23	21494.39  	170.24    	6820.29   	945.48    	12909.55  	15759.12  	0.00      	
