Throughput: 275.33984011067247
AverageTotalTimeBreakdownReport
thread_id	 total_time	 stream_process	 txn_process	 overheads
0	87125.93  	2828.85   	67091.82  	17205.26  
1	87169.37  	2907.52   	67209.00  	17052.85  
2	87169.14  	2846.82   	69147.57  	15174.75  
3	87143.40  	2869.64   	68716.55  	15557.21  
4	87142.21  	2817.90   	68759.81  	15564.50  
5	87168.99  	2872.49   	68251.78  	16044.72  
6	87169.09  	2833.00   	68578.57  	15757.52  
7	87143.07  	2925.67   	67287.69  	16929.71  
8	87142.01  	2873.81   	68713.87  	15554.34  
9	87143.22  	2813.88   	69401.79  	14927.55  
10	86987.12  	2821.84   	68906.92  	15258.37  
11	87134.91  	2854.61   	68237.18  	16043.12  
12	87130.55  	2906.14   	68508.34  	15716.07  
13	87128.21  	2846.98   	67412.36  	16868.87  
14	87123.43  	2882.34   	68261.75  	15979.34  
15	87121.54  	2874.95   	69225.74  	15020.85  
16	87119.66  	2820.69   	65503.05  	18795.92  
17	87144.06  	2837.67   	61482.81  	22823.58  
18	87112.70  	2787.90   	55662.49  	28662.31  
19	87117.99  	2886.35   	61777.02  	22454.62  
20	87111.71  	2827.90   	65960.23  	18323.57  
21	87078.33  	2827.84   	63054.99  	21195.49  
22	87072.43  	2832.04   	69178.11  	15062.29  
23	87071.76  	2852.62   	64609.18  	19609.95  
phase_id	 throughput
0	275.4702  	
SchedulerTimeBreakdownReport
thread_id	 explore_time	 next_time	 useful_time	 notify_time	 construct_time	 first_explore_time	 scheduler_switch
0	43125.57  	427.80    	20876.37  	4503.76   	13240.89  	20045.50  	0.00      	
1	58361.67  	248.65    	5839.01   	3841.99   	13254.89  	20029.29  	0.00      	
2	61837.14  	194.85    	4334.75   	1381.95   	11461.35  	20093.67  	0.00      	
3	62004.08  	162.19    	3710.41   	989.65    	11722.71  	20032.28  	0.00      	
4	62320.51  	144.71    	3428.47   	816.32    	11663.92  	19940.42  	0.00      	
5	62220.50  	129.06    	3046.30   	672.97    	12147.36  	19949.90  	0.00      	
6	62619.80  	127.41    	2963.25   	616.70    	11771.95  	20018.66  	0.00      	
7	61471.54  	117.71    	2825.61   	552.15    	12997.14  	19913.42  	0.00      	
8	63034.92  	106.08    	2665.25   	496.25    	11682.64  	20104.49  	0.00      	
9	63917.55  	89.66     	2457.08   	451.59    	11241.06  	19987.88  	0.00      	
10	63455.86  	87.85     	2445.71   	433.62    	11514.63  	19949.73  	0.00      	
11	62844.71  	88.46     	2382.14   	413.76    	12047.42  	19905.54  	0.00      	
12	63161.38  	85.36     	2328.37   	401.68    	11814.60  	19984.38  	0.00      	
13	62080.70  	82.78     	2292.46   	382.46    	12911.01  	19990.70  	0.00      	
14	63099.96  	73.48     	2116.17   	366.56    	12086.17  	19892.31  	0.00      	
15	64214.40  	70.16     	1982.69   	334.74    	11307.35  	20070.85  	0.00      	
16	60620.04  	60.76     	1843.60   	335.42    	14963.92  	19930.06  	0.00      	
17	56697.78  	62.91     	1734.69   	323.48    	19049.07  	19898.32  	0.00      	
18	50933.36  	65.41     	1669.78   	299.71    	25007.14  	20130.77  	0.00      	
19	57152.80  	55.07     	1562.35   	289.65    	18812.19  	19891.62  	0.00      	
20	61510.00  	44.75     	1399.42   	262.45    	14541.54  	19983.22  	0.00      	
21	58774.05  	38.88     	1215.13   	247.89    	17515.90  	19919.16  	0.00      	
22	65059.48  	34.79     	1066.10   	236.68    	11296.05  	20077.55  	0.00      	
23	60641.68  	26.08     	891.11    	212.66    	15931.63  	19916.29  	0.00      	
