Throughput: 175.57906863750335
AverageTotalTimeBreakdownReport
thread_id	 total_time	 stream_process	 txn_process	 overheads
0	136545.79 	13519.28  	121637.53 	1388.98   
1	136594.53 	13297.43  	121915.91 	1381.20   
2	136605.09 	12879.25  	122344.48 	1381.36   
3	136574.74 	13079.53  	122116.87 	1378.35   
4	136593.01 	13466.72  	121699.27 	1427.01   
5	136599.56 	13564.44  	121609.24 	1425.87   
6	136590.08 	13275.29  	121894.89 	1419.90   
7	136603.30 	13570.39  	121616.20 	1416.70   
8	136590.46 	13218.13  	121957.73 	1414.60   
9	136585.41 	13545.36  	121642.50 	1397.55   
10	136592.00 	13750.88  	121428.44 	1412.68   
11	136590.38 	13375.63  	121827.06 	1387.70   
12	136583.52 	13757.71  	121414.00 	1411.80   
13	136580.72 	13329.72  	121838.23 	1412.77   
14	136583.69 	13095.73  	122092.02 	1395.94   
15	136579.78 	13254.85  	121960.14 	1364.79   
16	136569.27 	13248.35  	121943.23 	1377.69   
17	136594.22 	13390.89  	121825.98 	1377.35   
18	136576.85 	13547.91  	121610.43 	1418.51   
19	136576.17 	13628.08  	121540.46 	1407.63   
20	136583.82 	13701.69  	121495.08 	1387.05   
21	136581.10 	13456.17  	121734.80 	1390.12   
22	136584.62 	13423.08  	121784.13 	1377.40   
23	136577.44 	13186.54  	122022.01 	1368.89   
phase_id	 throughput
0	238.0248  	
1	328.3260  	
2	479.4699  	
3	472.3798  	
4	392.5930  	
5	236.5072  	
6	194.7686  	
7	134.9903  	
8	65.5756   	
9	100.9316  	
10	143.9687  	
11	169.1329  	
12	192.3222  	
SchedulerTimeBreakdownReport
thread_id	 explore_time	 next_time	 useful_time	 notify_time	 construct_time	 first_explore_time	 scheduler_switch
0	74438.07  	288.96    	45883.95  	303.56    	9427.62   	10146.08  	16.11     	
1	65494.77  	347.36    	54988.65  	348.15    	9253.13   	10846.64  	20.00     	
2	69221.06  	476.56    	51907.29  	338.62    	8930.80   	11009.30  	25.29     	
3	68054.81  	3247.38   	52759.37  	343.02    	9037.44   	11128.11  	20.07     	
4	86932.42  	12276.63  	33354.53  	246.13    	9483.42   	9539.93   	18.62     	
5	91570.55  	18159.91  	28600.95  	232.04    	9452.81   	9239.60   	18.96     	
6	94942.48  	16190.65  	25697.41  	213.94    	9262.27   	9002.70   	20.07     	
7	96595.36  	18724.31  	23700.01  	199.51    	9445.01   	8840.64   	26.81     	
8	98496.13  	16882.14  	22102.36  	192.27    	9137.14   	8691.77   	30.32     	
9	99369.95  	20649.52  	20882.31  	173.34    	9498.42   	8640.70   	24.72     	
10	100372.17 	17932.02  	19962.01  	168.72    	9614.13   	8582.56   	17.38     	
11	101407.50 	20200.51  	19156.51  	162.74    	9257.02   	8061.92   	20.73     	
12	101536.72 	15359.74  	18544.57  	158.57    	9636.10   	7988.04   	25.58     	
13	102412.17 	15992.75  	17979.63  	160.24    	9348.58   	8409.51   	20.94     	
14	103540.47 	12748.59  	17407.03  	152.94    	9127.25   	7955.46   	22.34     	
15	103564.70 	16043.75  	17085.82  	150.88    	9205.89   	8061.29   	26.91     	
16	104350.46 	12329.49  	16365.47  	145.49    	9218.20   	7589.89   	23.93     	
17	104429.28 	9947.76   	16024.48  	141.96    	9337.17   	8125.31   	26.37     	
18	104745.09 	2003.32   	15686.60  	136.53    	9424.06   	7688.21   	30.11     	
19	104649.98 	3176.44   	15443.52  	139.16    	9538.00   	7891.08   	20.90     	
20	104969.73 	1652.85   	15122.54  	137.89    	9599.35   	7570.18   	27.56     	
21	105388.14 	1318.22   	14880.28  	127.09    	9440.21   	7646.67   	25.82     	
22	105612.02 	1343.46   	14747.64  	130.16    	9359.37   	7929.68   	22.58     	
23	105819.12 	811.41    	14756.27  	135.52    	9234.97   	7486.28   	26.19     	
