Throughput: 202.75170462117913
AverageTotalTimeBreakdownReport
thread_id	 total_time	 stream_process	 txn_process	 overheads
0	118271.78 	6087.22   	83173.33  	29011.24  
1	118286.00 	6093.25   	83743.47  	28449.27  
2	118285.25 	6045.23   	83968.30  	28271.72  
3	118227.06 	5999.07   	83677.49  	28550.50  
4	118277.28 	6044.29   	83444.54  	28788.45  
5	118238.30 	6040.11   	83723.13  	28475.06  
6	118274.30 	6129.66   	83350.93  	28793.71  
7	118285.21 	6106.83   	83049.94  	29128.45  
8	118288.49 	6090.70   	83613.39  	28584.41  
9	118289.48 	6075.24   	84009.22  	28205.02  
10	118038.04 	6014.27   	83701.20  	28322.57  
11	117255.48 	6078.72   	83568.57  	27608.19  
12	117198.68 	6008.19   	83540.25  	27650.25  
13	117208.74 	6009.08   	82669.44  	28530.22  
14	117071.45 	6008.79   	83500.74  	27561.92  
15	117067.00 	6068.86   	83145.97  	27852.17  
16	117021.32 	6030.88   	83874.68  	27115.76  
17	116702.64 	6091.78   	83125.37  	27485.49  
18	116988.38 	5880.94   	83814.22  	27293.23  
19	116920.49 	5993.81   	83538.71  	27387.96  
20	116790.66 	5987.97   	83776.71  	27025.98  
21	116875.08 	5995.05   	83982.08  	26897.95  
22	115805.58 	5968.37   	84058.45  	25778.75  
23	116805.43 	6028.53   	83015.52  	27761.38  
phase_id	 throughput
0	204.2289  	
SchedulerTimeBreakdownReport
thread_id	 explore_time	 next_time	 useful_time	 notify_time	 construct_time	 first_explore_time	 scheduler_switch
0	49800.09  	774.28    	25023.68  	4624.89   	20732.94  	32705.80  	0.00      	
1	65337.65  	543.99    	10259.37  	4391.21   	20330.10  	32375.94  	0.00      	
2	66935.21  	460.46    	8875.08   	1709.16   	20122.31  	32357.48  	0.00      	
3	67418.70  	403.01    	8080.30   	1311.85   	20376.53  	32226.39  	0.00      	
4	67678.10  	369.06    	7574.36   	1194.64   	20520.08  	32620.00  	0.00      	
5	68618.76  	334.35    	6909.78   	1030.97   	20116.83  	32890.86  	0.00      	
6	68541.81  	317.48    	6608.30   	882.04    	20378.50  	32456.78  	0.00      	
7	68162.09  	305.97    	6690.02   	847.83    	20864.75  	32018.01  	0.00      	
8	68988.66  	282.92    	6417.44   	756.13    	20025.47  	32852.59  	0.00      	
9	69687.83  	252.81    	6119.53   	676.98    	20050.90  	32985.20  	0.00      	
10	69552.49  	237.63    	5910.18   	679.66    	20377.59  	32823.73  	0.00      	
11	69875.67  	249.35    	5415.66   	670.43    	20024.77  	32420.43  	0.00      	
12	70013.35  	232.98    	5281.11   	634.73    	19451.48  	32603.51  	0.00      	
13	69123.01  	231.86    	5302.05   	613.93    	20797.06  	32121.50  	0.00      	
14	70197.78  	206.23    	5055.17   	553.79    	19863.25  	32348.78  	0.00      	
15	69991.29  	203.78    	4904.16   	515.15    	20346.04  	32062.41  	0.00      	
16	70906.53  	198.64    	4719.18   	512.70    	19557.96  	32734.37  	0.00      	
17	70229.13  	187.02    	4644.10   	443.69    	19991.74  	32411.08  	0.00      	
18	70621.59  	271.50    	4686.29   	492.59    	19028.09  	32768.82  	0.00      	
19	71068.80  	147.62    	4163.35   	415.26    	19780.79  	32022.24  	0.00      	
20	71380.38  	114.88    	4094.25   	342.41    	19530.99  	32420.85  	0.00      	
21	72165.13  	99.25     	3467.48   	317.94    	19521.14  	32696.97  	0.00      	
22	73147.79  	87.17     	2589.88   	261.99    	19229.57  	32219.83  	0.00      	
23	72938.26  	49.13     	1752.29   	207.24    	20265.73  	32630.54  	0.00      	
