Throughput: 264.3331931257417
AverageTotalTimeBreakdownReport
thread_id	 total_time	 stream_process	 txn_process	 overheads
0	90681.11  	6273.05   	56702.61  	27705.45  
1	90771.34  	6261.84   	56608.23  	27901.27  
2	89698.62  	6136.86   	57048.95  	26512.80  
3	90718.80  	6377.18   	56886.95  	27454.66  
4	90661.10  	6229.65   	56813.29  	27618.15  
5	90737.07  	6237.78   	56903.69  	27595.60  
6	90720.91  	6253.18   	56758.97  	27708.75  
7	89782.42  	6586.70   	56665.18  	26530.55  
8	89803.09  	6726.91   	57073.92  	26002.25  
9	90628.82  	6288.74   	57209.42  	27130.66  
10	90749.31  	6201.34   	56850.66  	27697.31  
11	90745.42  	6198.10   	57031.46  	27515.86  
12	90707.33  	6264.38   	56405.89  	28037.07  
13	90680.82  	6187.85   	56835.65  	27657.31  
14	90700.35  	6199.54   	56401.56  	28099.25  
15	90669.67  	6256.37   	56916.20  	27497.10  
16	90661.83  	6214.92   	56985.52  	27461.39  
17	90667.16  	6188.09   	56965.82  	27513.25  
18	90658.79  	6221.50   	56243.19  	28194.10  
19	90489.78  	6132.26   	56955.96  	27401.56  
20	90416.15  	6280.95   	56471.02  	27664.18  
21	90515.83  	6206.47   	57139.04  	27170.32  
22	90511.66  	6186.43   	56710.87  	27614.36  
23	90487.47  	6451.04   	56734.95  	27301.48  
phase_id	 throughput
0	265.0909  	
SchedulerTimeBreakdownReport
thread_id	 explore_time	 next_time	 useful_time	 notify_time	 construct_time	 first_explore_time	 scheduler_switch
0	37469.56  	502.92    	12846.90  	1184.22   	19366.88  	27661.65  	0.00      	
1	37627.47  	487.14    	12634.63  	1155.80   	19700.14  	27965.79  	0.00      	
2	38098.12  	491.42    	12650.53  	1193.50   	19037.94  	28057.99  	0.00      	
3	38084.54  	484.56    	12454.63  	1172.71   	19126.30  	28255.80  	0.00      	
4	37942.77  	505.93    	12505.31  	1140.10   	18806.90  	27935.41  	0.00      	
5	37758.50  	531.13    	12768.82  	1155.59   	19417.05  	27874.82  	0.00      	
6	37790.19  	502.77    	12627.35  	1169.61   	18991.15  	27798.81  	0.00      	
7	37711.38  	477.84    	12660.88  	1162.05   	19180.43  	28203.32  	0.00      	
8	38097.98  	490.47    	12684.68  	1182.55   	18914.30  	28144.83  	0.00      	
9	38492.39  	523.18    	12383.82  	1186.36   	19081.11  	28136.46  	0.00      	
10	37648.35  	481.33    	12771.38  	1200.26   	19290.28  	27878.46  	0.00      	
11	38123.65  	510.12    	12521.46  	1156.57   	19377.64  	28347.61  	0.00      	
12	37445.59  	503.71    	12628.67  	1208.46   	19378.23  	28055.32  	0.00      	
13	37863.15  	507.54    	12607.45  	1233.29   	19484.90  	27894.99  	0.00      	
14	37271.15  	483.89    	12770.00  	1185.36   	20039.32  	27857.94  	0.00      	
15	37952.02  	479.09    	12627.13  	1163.20   	19401.21  	28240.64  	0.00      	
16	37918.03  	477.17    	12717.26  	1136.36   	19403.72  	28180.10  	0.00      	
17	37868.87  	487.89    	12719.81  	1232.52   	18888.20  	28349.31  	0.00      	
18	37382.52  	532.55    	12422.60  	1158.84   	19925.23  	27943.38  	0.00      	
19	37851.95  	488.95    	12714.93  	1133.73   	18973.94  	27788.54  	0.00      	
20	37623.46  	495.49    	12487.66  	1169.92   	19215.13  	27760.52  	0.00      	
21	38380.58  	521.69    	12427.69  	1167.58   	18829.34  	27885.30  	0.00      	
22	37897.50  	538.71    	12478.10  	1181.68   	19419.63  	28106.19  	0.00      	
23	37740.80  	489.14    	12596.17  	1156.36   	19503.39  	28008.99  	0.00      	
