Throughput: 55.73533305518312
AverageTotalTimeBreakdownReport
thread_id	 total_time	 stream_process	 txn_process	 overheads
0	143533.51 	150.69    	87808.24  	55574.58  
1	143543.26 	153.03    	87760.22  	55630.01  
2	143543.12 	163.75    	87779.84  	55599.53  
3	143543.10 	160.65    	87775.38  	55607.07  
4	143543.05 	164.20    	87772.63  	55606.22  
5	143543.11 	169.13    	87764.47  	55609.50  
6	143543.39 	168.92    	87764.93  	55609.54  
7	143543.36 	157.55    	87776.41  	55609.40  
phase_id	 throughput
0	76.0777   	
1	76.7196   	
2	76.7512   	
3	77.4761   	
4	78.0682   	
5	78.0808   	
6	77.5572   	
7	78.5012   	
8	77.9670   	
9	78.2018   	
10	79.2331   	
11	80.1142   	
12	77.3016   	
13	78.0763   	
14	77.7570   	
15	74.0971   	
16	73.1952   	
17	75.7288   	
18	67.5309   	
19	67.4377   	
20	67.7454   	
21	43.4476   	
22	44.4448   	
23	44.3765   	
24	39.2953   	
25	39.3823   	
26	39.3659   	
27	35.2559   	
28	35.3143   	
29	35.0483   	
30	40.1553   	
31	40.1266   	
32	39.7607   	
33	46.1099   	
34	46.5209   	
35	46.5702   	
36	56.6457   	
37	56.2143   	
38	56.3681   	
TransactionBreakdownRatioReport
thread_id	 index_ratio	 useful_ratio	 sync_ratio	 lock_ratio
0	192.19    	19977.75  	66275.28  	16833.22  	
1	189.84    	19898.60  	66309.75  	16755.86  	
2	186.72    	19860.15  	66377.99  	16648.70  	
3	189.03    	19896.34  	66315.30  	16740.26  	
4	183.02    	19885.14  	66352.26  	16735.00  	
5	181.48    	19877.59  	66316.34  	16676.08  	
6	178.69    	19862.43  	66319.08  	16750.79  	
7	188.67    	19908.50  	66261.24  	16760.09  	
