Throughput: 57.13637590383359
AverageTotalTimeBreakdownReport
thread_id	 total_time	 stream_process	 txn_process	 overheads
0	210018.95 	149.93    	117479.94 	92389.08  
1	210022.43 	151.43    	117435.46 	92435.55  
2	210022.21 	152.43    	117436.53 	92433.25  
3	210022.44 	154.96    	117435.35 	92432.12  
4	210022.66 	159.95    	117421.68 	92441.03  
5	210022.25 	161.61    	117415.30 	92445.34  
6	210022.26 	162.08    	117440.73 	92419.46  
7	210022.50 	156.25    	117440.15 	92426.09  
8	210022.37 	168.08    	117423.70 	92430.60  
9	210022.64 	157.11    	117452.00 	92413.53  
10	210022.40 	159.06    	117435.73 	92427.62  
11	210022.64 	170.29    	117435.99 	92416.35  
phase_id	 throughput
0	79.8097   	
1	84.7364   	
2	84.1885   	
3	80.3693   	
4	81.2479   	
5	79.9378   	
6	81.5788   	
7	80.9608   	
8	79.8821   	
9	79.7848   	
10	75.3471   	
11	75.5637   	
12	65.9013   	
13	68.1296   	
14	44.8840   	
15	45.6402   	
16	40.8344   	
17	40.7933   	
18	36.6387   	
19	36.3467   	
20	41.0621   	
21	40.5352   	
22	46.9053   	
23	47.3535   	
24	55.5312   	
25	55.2771   	
TransactionBreakdownRatioReport
thread_id	 index_ratio	 useful_ratio	 sync_ratio	 lock_ratio
0	212.18    	19947.50  	95826.65  	17625.31  	
1	209.74    	19861.46  	95887.20  	17490.15  	
2	199.15    	19834.28  	95973.24  	17483.66  	
3	207.32    	19826.93  	95943.73  	17545.87  	
4	191.35    	19869.30  	95878.30  	17478.13  	
5	189.58    	19894.58  	95842.27  	17560.91  	
6	191.68    	19889.42  	95845.45  	17491.32  	
7	209.08    	19994.07  	95770.74  	17581.14  	
8	204.07    	19870.05  	95904.60  	17519.30  	
9	193.01    	19837.77  	95954.20  	17563.03  	
10	201.83    	19846.72  	95959.20  	17523.05  	
11	195.19    	19908.56  	95878.81  	17522.05  	
