Throughput: 238.3608547851475
AverageTotalTimeBreakdownReport
thread_id	 total_time	 stream_process	 txn_process	 overheads
0	100610.47 	6029.55   	65220.24  	29360.68  
1	100681.53 	6757.90   	64646.40  	29277.23  
2	100685.40 	6625.63   	64883.14  	29176.64  
3	100674.46 	6605.54   	64937.45  	29131.47  
4	100674.15 	6649.37   	65088.01  	28936.77  
5	100677.89 	6627.41   	65000.10  	29050.38  
6	100685.70 	6693.27   	64547.18  	29445.26  
7	100674.34 	6667.79   	64506.68  	29499.87  
8	100683.91 	6618.21   	65004.16  	29061.54  
9	100658.35 	6685.05   	65166.13  	28807.16  
10	100665.16 	6657.67   	65173.05  	28834.44  
11	100643.43 	6874.74   	64774.31  	28994.37  
12	100482.41 	6637.06   	64199.62  	29645.73  
13	100640.80 	6846.85   	65200.48  	28593.47  
14	100606.10 	6600.68   	64513.01  	29492.40  
15	100472.92 	6585.93   	65139.04  	28747.95  
16	100533.33 	6643.96   	64186.96  	29702.41  
17	100591.11 	6608.93   	65049.86  	28932.31  
18	100549.53 	6592.10   	64617.08  	29340.35  
19	100479.64 	6615.79   	64289.57  	29574.28  
20	99388.05  	6555.38   	64644.19  	28188.48  
21	99668.42  	6533.79   	64504.02  	28630.61  
22	100446.30 	6549.35   	64792.11  	29104.85  
23	100428.47 	6525.95   	64575.24  	29327.28  
phase_id	 throughput
0	238.7784  	
SchedulerTimeBreakdownReport
thread_id	 explore_time	 next_time	 useful_time	 notify_time	 construct_time	 first_explore_time	 scheduler_switch
0	35431.07  	277.08    	22027.46  	1137.08   	18783.57  	13905.14  	0.00      	
1	47907.84  	201.04    	9894.69   	560.07    	18867.90  	9121.49   	0.00      	
2	49436.11  	290.81    	8601.09   	499.81    	18394.62  	8042.19   	0.00      	
3	50280.64  	396.11    	7788.68   	433.45    	18564.87  	7568.57   	0.00      	
4	50765.28  	234.74    	7441.84   	447.09    	18427.72  	7210.48   	0.00      	
5	50946.12  	331.79    	7114.88   	446.06    	18375.23  	6925.56   	0.00      	
6	51178.31  	340.08    	6435.71   	536.59    	18700.06  	6525.46   	0.00      	
7	51123.55  	298.94    	6471.57   	433.09    	18964.69  	6343.76   	0.00      	
8	51739.22  	412.24    	6293.77   	358.78    	18480.83  	6310.88   	0.00      	
9	52138.97  	225.94    	6098.16   	419.02    	18301.05  	6287.00   	0.00      	
10	52304.40  	382.80    	5898.99   	361.17    	18240.86  	6025.34   	0.00      	
11	51966.42  	459.02    	5820.77   	339.90    	18182.20  	5872.35   	0.00      	
12	51560.76  	425.54    	5650.19   	353.32    	18961.05  	5608.90   	0.00      	
13	52608.11  	2040.32   	5583.17   	414.14    	18011.10  	5890.84   	0.00      	
14	51969.47  	3958.72   	5512.30   	418.25    	18763.09  	5395.78   	0.00      	
15	52828.66  	7242.57   	5268.03   	341.60    	17964.47  	5669.53   	0.00      	
16	51994.57  	8186.73   	5107.14   	396.74    	19098.63  	5514.44   	0.00      	
17	53388.46  	8204.47   	4589.00   	328.36    	18417.45  	5260.30   	0.00      	
18	52958.08  	8771.34   	4599.39   	346.76    	18765.94  	5155.63   	0.00      	
19	52763.10  	8877.17   	4403.38   	303.80    	18979.24  	4902.55   	0.00      	
20	53557.60  	9295.26   	3944.14   	212.90    	18533.31  	4895.88   	0.00      	
21	53613.28  	9305.08   	3753.10   	169.65    	18858.51  	4909.70   	0.00      	
22	53977.56  	9523.89   	3612.70   	113.25    	18520.67  	4858.15   	0.00      	
23	54818.91  	7890.57   	2488.32   	93.51     	18779.79  	4585.24   	0.00      	
