Throughput: 324.2376261885781
AverageTotalTimeBreakdownReport
thread_id	 total_time	 stream_process	 txn_process	 overheads
0	73920.00  	7036.09   	40484.35  	26399.57  
1	73359.38  	6907.00   	40956.45  	25495.93  
2	73001.09  	6914.85   	40874.00  	25212.24  
3	73005.69  	6996.09   	40735.31  	25274.28  
4	73939.10  	6939.52   	40801.09  	26198.50  
5	73947.45  	7319.84   	40266.76  	26360.84  
6	73891.13  	6930.33   	40722.15  	26238.64  
7	73934.67  	7031.38   	40691.55  	26211.74  
8	73891.44  	6858.07   	40716.23  	26317.14  
9	73883.82  	6851.34   	41120.58  	25911.91  
10	73896.90  	6892.17   	40959.40  	26045.33  
11	73885.83  	6878.27   	40709.17  	26298.39  
12	73853.60  	6906.69   	40773.39  	26173.52  
13	73847.74  	6872.67   	40732.79  	26242.28  
14	73801.85  	7183.26   	40048.13  	26570.46  
15	73607.17  	6868.55   	40788.30  	25950.32  
16	73735.23  	6840.79   	40838.09  	26056.36  
17	73722.19  	6850.60   	40585.13  	26286.46  
18	73666.72  	6853.02   	40387.34  	26426.36  
19	73677.14  	6868.99   	39783.31  	27024.84  
20	72683.95  	6795.22   	40779.06  	25109.67  
21	72689.77  	6840.25   	40414.76  	25434.76  
22	73600.44  	6852.77   	40802.86  	25944.82  
23	73640.01  	6885.80   	39977.81  	26776.39  
phase_id	 throughput
0	325.9699  	
SchedulerTimeBreakdownReport
thread_id	 explore_time	 next_time	 useful_time	 notify_time	 construct_time	 first_explore_time	 scheduler_switch
0	27613.85  	877.73    	6801.72   	607.77    	17726.83  	11031.78  	0.00      	
1	28595.94  	1066.85   	6342.87   	563.78    	17811.16  	11207.46  	0.00      	
2	28367.48  	794.27    	6479.07   	663.86    	17446.22  	11126.30  	0.00      	
3	28270.69  	1347.95   	6456.97   	441.91    	17919.52  	10788.71  	0.00      	
4	27875.79  	1440.82   	6895.69   	375.63    	18030.64  	11052.10  	0.00      	
5	26739.85  	951.75    	7475.68   	505.64    	17968.09  	11028.47  	0.00      	
6	26863.14  	527.70    	7842.36   	650.19    	17653.57  	11070.84  	0.00      	
7	27281.45  	942.95    	7395.83   	583.19    	17868.07  	11037.31  	0.00      	
8	27636.18  	1312.20   	7043.29   	450.28    	17925.06  	11082.59  	0.00      	
9	27796.64  	1013.19   	7277.02   	601.04    	17909.57  	11255.60  	0.00      	
10	28008.73  	1355.69   	6898.62   	455.44    	17843.34  	11232.82  	0.00      	
11	27554.15  	772.58    	7125.20   	688.26    	17842.37  	10995.19  	0.00      	
12	27712.82  	963.96    	7044.78   	573.12    	17903.18  	11059.08  	0.00      	
13	28235.86  	1437.42   	6436.55   	407.36    	17852.27  	10940.58  	0.00      	
14	27679.62  	1004.01   	6348.56   	591.08    	17833.08  	10821.65  	0.00      	
15	28948.94  	877.44    	5857.04   	683.65    	17412.17  	11180.18  	0.00      	
16	29474.33  	1027.15   	5313.00   	497.77    	17728.09  	11105.70  	0.00      	
17	29361.18  	1486.44   	5202.47   	424.23    	18287.90  	11064.64  	0.00      	
18	29149.24  	1615.78   	5169.31   	445.18    	17818.50  	10837.35  	0.00      	
19	27496.95  	1535.77   	6239.97   	326.94    	18077.87  	11277.14  	0.00      	
20	27321.65  	496.42    	7486.04   	689.04    	17633.49  	11212.14  	0.00      	
21	27034.51  	553.89    	7370.78   	659.30    	17912.18  	11006.19  	0.00      	
22	27878.32  	666.69    	6898.50   	588.00    	17909.71  	11173.67  	0.00      	
23	26987.34  	947.73    	6961.09   	564.14    	18410.03  	11004.79  	0.00      	
