Throughput: 144.04185891045384
AverageTotalTimeBreakdownReport
thread_id	 total_time	 stream_process	 txn_process	 overheads
0	166606.43 	59799.63  	104876.41 	1930.39   
1	166626.82 	60012.97  	104672.73 	1941.12   
2	166628.70 	59712.41  	104960.74 	1955.55   
3	166611.83 	59068.46  	105653.41 	1889.95   
4	166629.63 	59517.21  	105425.09 	1687.33   
5	166613.26 	58754.81  	106236.43 	1622.02   
6	166614.34 	58640.03  	106384.83 	1589.49   
7	166622.83 	59525.29  	105441.33 	1656.21   
8	166616.95 	59465.43  	105482.54 	1668.98   
9	166616.59 	58531.96  	106462.84 	1621.78   
10	166598.22 	59992.47  	104949.17 	1656.59   
11	166606.87 	59143.36  	105689.59 	1773.92   
12	166601.54 	59245.67  	105704.87 	1651.00   
13	166594.99 	58790.10  	106115.39 	1689.51   
14	166606.71 	58876.07  	106068.33 	1662.31   
15	166599.30 	58132.92  	106804.91 	1661.47   
16	166594.09 	58781.21  	106158.84 	1654.03   
17	166589.59 	57762.16  	107167.22 	1660.20   
18	166592.39 	59177.18  	105614.56 	1800.65   
19	166586.16 	59114.59  	105802.89 	1668.69   
20	166586.30 	58730.06  	106174.47 	1681.77   
21	166583.62 	58634.78  	106271.38 	1677.47   
22	166574.46 	59150.81  	105772.17 	1651.49   
23	166588.19 	58387.53  	106558.60 	1642.06   
phase_id	 throughput
0	234.3414  	
1	316.1072  	
2	436.4099  	
3	430.7737  	
4	360.0344  	
5	228.7048  	
6	185.2232  	
7	131.7872  	
8	128.9294  	
9	123.9799  	
10	31.4943   	
11	177.3678  	
12	206.1797  	
SchedulerTimeBreakdownReport
thread_id	 explore_time	 next_time	 useful_time	 notify_time	 construct_time	 first_explore_time	 scheduler_switch
0	57804.65  	253.15    	45769.05  	368.30    	53509.39  	10506.62  	6.29      	
1	49714.35  	291.21    	53629.16  	418.73    	53596.40  	10872.58  	31.90     	
2	52992.94  	370.53    	50713.37  	406.29    	53196.57  	10959.88  	28.52     	
3	52538.81  	1968.28   	51722.52  	400.03    	14569.93  	11495.88  	30.10     	
4	71144.93  	9671.20   	33130.33  	305.09    	15170.08  	9288.25   	30.84     	
5	76691.18  	18533.09  	28539.27  	282.80    	52666.46  	9414.26   	29.31     	
6	79353.75  	15276.56  	25619.12  	266.20    	52574.40  	8940.77   	29.24     	
7	80774.16  	19414.10  	23552.01  	245.61    	53369.05  	8914.39   	32.83     	
8	82234.99  	17366.20  	22044.23  	229.62    	53459.92  	8312.98   	31.98     	
9	84198.11  	20354.35  	20902.72  	218.85    	14275.04  	8068.64   	32.69     	
10	83647.23  	17601.46  	20007.27  	211.68    	53686.23  	8213.91   	33.56     	
11	85040.61  	17517.90  	19231.12  	208.48    	53316.29  	8208.67   	34.37     	
12	85782.15  	13607.43  	18558.22  	208.41    	53433.62  	8292.32   	31.23     	
13	87096.33  	14416.52  	17958.52  	199.47    	53252.43  	8305.62   	32.53     	
14	87325.73  	11723.35  	17401.34  	193.43    	53414.30  	8229.02   	29.38     	
15	88633.10  	13261.85  	17025.52  	188.08    	52806.62  	8215.30   	33.19     	
16	88364.24  	10508.28  	16559.77  	185.96    	53391.09  	8260.41   	31.83     	
17	89447.50  	7893.30   	16293.56  	184.08    	52662.97  	7977.96   	41.80     	
18	88387.72  	1661.58   	15949.48  	188.16    	53837.18  	8029.05   	34.16     	
19	88802.96  	4008.99   	15562.37  	178.56    	53681.57  	7836.11   	35.15     	
20	89430.10  	1459.87   	15303.59  	171.63    	53509.84  	7873.24   	33.69     	
21	89831.74  	1293.27   	15126.95  	178.47    	53252.74  	7603.34   	34.28     	
22	89568.99  	1138.39   	14940.09  	176.50    	53818.25  	7825.25   	34.04     	
23	90198.92  	848.98    	14928.07  	165.89    	53116.45  	7765.23   	33.61     	
