Throughput: 57.22261699087941
AverageTotalTimeBreakdownReport
thread_id	 total_time	 stream_process	 txn_process	 overheads
0	286749.58 	154.70    	151893.41 	134701.47 
1	286759.54 	167.38    	151831.45 	134760.71 
2	286758.06 	163.04    	151841.44 	134753.58 
3	286760.23 	166.05    	151845.94 	134748.24 
4	286758.16 	167.16    	151831.16 	134759.84 
5	286759.27 	168.48    	151802.37 	134788.41 
6	286760.32 	165.60    	151806.57 	134788.15 
7	286760.50 	162.14    	151814.86 	134783.50 
8	286760.65 	159.91    	151827.41 	134773.32 
9	286758.63 	164.74    	151828.52 	134765.36 
10	286760.03 	165.23    	151820.75 	134774.06 
11	286758.33 	166.57    	151799.52 	134792.24 
12	286758.97 	168.45    	151809.87 	134780.65 
13	286753.64 	162.55    	151843.37 	134747.72 
14	286755.36 	161.99    	151830.54 	134762.84 
15	286754.57 	161.40    	151850.18 	134742.99 
phase_id	 throughput
0	84.3464   	
1	82.5513   	
2	83.7057   	
3	83.9726   	
4	83.3416   	
5	82.3948   	
6	78.7947   	
7	76.4742   	
8	72.7848   	
9	63.3620   	
10	50.7637   	
11	43.8085   	
12	39.0856   	
13	36.5904   	
14	35.1566   	
15	39.9520   	
16	41.9956   	
17	45.3668   	
18	54.0341   	
TransactionBreakdownRatioReport
thread_id	 index_ratio	 useful_ratio	 sync_ratio	 lock_ratio
0	187.73    	20119.03  	130161.79 	18121.42  	
1	190.54    	20091.95  	130081.68 	18106.89  	
2	188.32    	20099.09  	130142.99 	18081.21  	
3	190.55    	20124.37  	130101.33 	18088.67  	
4	188.74    	20048.72  	130115.18 	18108.40  	
5	190.72    	20044.98  	130092.07 	18071.20  	
6	188.12    	20077.58  	130069.12 	18053.14  	
7	186.66    	20097.93  	130032.72 	18170.27  	
8	185.46    	20047.41  	130066.35 	18209.39  	
9	186.77    	20053.08  	130132.42 	18076.18  	
10	184.71    	20063.62  	130127.15 	18130.12  	
11	186.19    	20071.05  	130082.45 	18096.20  	
12	185.33    	20064.65  	130061.21 	18064.49  	
13	182.90    	20072.35  	130066.70 	18113.16  	
14	188.58    	20062.56  	130093.43 	18107.85  	
15	190.03    	20052.92  	130128.36 	18129.08  	
