Throughput: 137.59155803233423
AverageTotalTimeBreakdownReport
thread_id	 total_time	 stream_process	 txn_process	 overheads
0	174427.40 	14155.18  	159096.70 	1175.52   
1	174436.94 	14184.28  	159100.90 	1151.76   
2	174435.21 	14044.66  	159225.34 	1165.21   
3	174411.40 	14238.63  	158979.97 	1192.80   
4	174438.07 	14165.14  	159092.28 	1180.65   
5	174419.57 	14234.27  	158949.73 	1235.57   
6	174418.50 	14357.88  	158828.70 	1231.92   
7	174423.17 	14324.55  	158869.07 	1229.55   
8	174417.09 	14244.74  	158958.19 	1214.15   
9	174416.29 	14055.13  	159163.64 	1197.51   
10	174411.88 	14048.77  	159143.44 	1219.68   
11	174410.61 	14141.95  	158999.31 	1269.35   
12	174412.30 	14246.40  	158887.98 	1277.92   
13	174425.10 	14459.89  	158710.11 	1255.11   
14	174411.80 	14033.49  	159138.73 	1239.58   
15	174410.23 	13992.04  	159173.73 	1244.45   
16	174419.18 	14099.65  	159068.48 	1251.05   
17	174407.09 	14244.70  	158891.64 	1270.76   
18	174404.65 	14065.36  	159082.95 	1256.34   
19	174401.67 	14150.49  	158946.67 	1304.51   
20	174401.87 	14006.41  	159141.09 	1254.38   
21	174400.95 	13882.69  	159271.08 	1247.18   
22	174401.71 	13968.22  	159166.60 	1266.89   
23	174402.66 	14278.42  	158852.43 	1271.81   
phase_id	 throughput
0	211.3010  	
1	253.5905  	
2	363.7937  	
3	390.5277  	
4	314.9368  	
5	238.9709  	
6	176.2259  	
7	122.9268  	
8	119.6036  	
9	107.6095  	
10	62.5911   	
11	73.4402   	
12	82.8303   	
SchedulerTimeBreakdownReport
thread_id	 explore_time	 next_time	 useful_time	 notify_time	 construct_time	 first_explore_time	 scheduler_switch
0	97263.48  	512.28    	60805.87  	435.66    	9488.45   	19973.26  	0.08      	
1	85442.77  	631.08    	72637.19  	517.73    	9452.36   	20924.10  	0.07      	
2	82284.11  	1217.80   	76012.88  	490.23    	9322.25   	21073.17  	0.08      	
3	78382.90  	2176.98   	79705.39  	482.57    	9472.96   	20743.90  	0.09      	
4	111802.25 	7912.37   	46367.82  	452.72    	9435.88   	18716.75  	0.07      	
5	118799.69 	11582.17  	39130.58  	421.98    	9547.31   	17723.35  	0.17      	
6	123168.57 	11335.18  	34791.27  	409.10    	9577.89   	17885.66  	0.07      	
7	126393.60 	15776.29  	31626.23  	302.42    	9550.25   	17128.54  	0.07      	
8	128741.87 	13404.34  	29312.96  	294.17    	9461.90   	17573.94  	0.06      	
9	130721.96 	17011.43  	27538.77  	284.34    	9369.05   	16491.09  	0.07      	
10	132061.76 	13602.47  	26152.49  	267.71    	9397.45   	17209.18  	0.07      	
11	133043.48 	17237.02  	24974.04  	265.82    	9523.80   	15584.84  	0.05      	
12	134024.11 	13371.90  	24002.19  	270.86    	9543.20   	16768.65  	0.06      	
13	134680.93 	15182.45  	23079.85  	258.23    	9593.70   	15999.86  	0.04      	
14	135810.30 	10606.02  	22315.24  	256.85    	9434.36   	16296.93  	0.06      	
15	136656.80 	16362.42  	21613.72  	245.03    	9345.00   	15385.02  	0.07      	
16	137158.54 	9143.56   	20973.30  	247.77    	9407.36   	15810.37  	0.05      	
17	137370.14 	14969.23  	20518.73  	244.71    	9593.18   	14616.92  	0.05      	
18	138134.63 	7301.42   	20049.96  	237.98    	9498.37   	15037.21  	0.09      	
19	138490.02 	9304.67   	19562.05  	233.91    	9509.38   	14984.43  	0.06      	
20	138966.62 	4867.79   	19204.95  	228.76    	9459.20   	15273.28  	0.06      	
21	139573.61 	907.17    	18839.21  	227.74    	9364.02   	14302.83  	0.08      	
22	139695.09 	777.04    	18467.00  	225.54    	9434.20   	14197.66  	0.07      	
23	139641.50 	821.63    	18176.50  	215.91    	9700.44   	15622.40  	0.06      	
