Throughput: 167.67950801320814
AverageTotalTimeBreakdownReport
thread_id	 total_time	 stream_process	 txn_process	 overheads
0	143106.81 	39019.83  	102726.78 	1360.20   
1	143134.54 	18160.95  	100034.83 	24938.76  
2	143119.22 	40464.86  	101393.98 	1260.38   
3	143104.96 	40499.33  	101377.39 	1228.24   
4	143115.34 	40509.84  	101368.02 	1237.48   
5	143135.42 	40762.72  	101166.87 	1205.83   
6	143126.46 	40839.93  	101039.80 	1246.74   
7	143106.80 	40737.00  	101085.29 	1284.51   
8	143131.03 	38556.85  	103344.72 	1229.46   
9	143126.21 	40098.01  	101790.62 	1237.58   
10	143119.74 	39765.58  	102131.40 	1222.76   
11	143128.99 	39549.47  	102363.19 	1216.33   
12	143137.60 	39102.76  	102799.41 	1235.43   
13	143124.27 	38540.08  	103355.67 	1228.52   
14	143145.29 	38217.71  	103653.47 	1274.11   
15	143113.13 	37577.40  	104255.75 	1279.98   
16	143117.24 	11716.82  	130149.45 	1250.96   
17	143134.97 	11853.36  	130042.14 	1239.48   
18	143110.38 	11747.71  	130109.45 	1253.22   
19	143107.94 	11763.54  	130071.87 	1272.53   
20	143117.12 	11760.71  	130098.15 	1258.26   
21	143108.19 	11697.86  	130153.29 	1257.05   
22	143108.27 	11801.86  	130076.94 	1229.47   
23	143116.42 	11766.85  	130131.49 	1218.08   
phase_id	 throughput
0	251.4754  	
1	303.2444  	
2	411.3163  	
3	457.9674  	
4	348.9341  	
5	232.5459  	
6	55.5652   	
7	136.1703  	
8	138.9660  	
9	128.2196  	
10	137.2536  	
11	170.6402  	
12	200.5466  	
SchedulerTimeBreakdownReport
thread_id	 explore_time	 next_time	 useful_time	 notify_time	 construct_time	 first_explore_time	 scheduler_switch
0	54832.12  	254.25    	46441.71  	329.80    	8728.79   	10025.25  	39.36     	
1	43475.09  	297.91    	55141.81  	490.93    	9723.60   	10666.25  	39.96     	
2	47862.59  	364.99    	52234.43  	359.95    	8495.26   	10524.24  	37.26     	
3	46514.67  	1747.07   	53625.45  	366.35    	32235.09  	11032.15  	17.96     	
4	66049.31  	9247.08   	33926.54  	275.88    	8585.85   	9457.28   	34.61     	
5	70673.59  	14556.02  	29047.80  	253.79    	8788.72   	9400.21   	34.62     	
6	73578.46  	13267.66  	26018.51  	231.31    	8918.82   	9081.80   	37.19     	
7	75880.89  	14361.64  	23893.87  	240.85    	8972.41   	8823.24   	36.27     	
8	79730.22  	12474.69  	22290.19  	165.22    	30952.72  	8981.12   	37.32     	
9	79152.57  	15858.67  	21205.37  	190.06    	32663.66  	8774.49   	17.34     	
10	80602.88  	13119.80  	20214.51  	181.96    	32693.98  	8513.13   	37.73     	
11	81520.33  	15427.81  	19389.85  	181.07    	32831.51  	8730.33   	35.29     	
12	82575.58  	11241.60  	18753.28  	176.86    	32857.60  	8636.28   	34.74     	
13	83836.92  	11774.39  	18129.61  	168.26    	9071.45   	8852.25   	36.02     	
14	84706.52  	8171.33   	17613.45  	162.92    	9127.89   	8476.95   	36.62     	
15	85748.97  	14509.42  	17085.30  	160.14    	9066.23   	8594.69   	36.30     	
16	112104.96 	8060.19   	16614.17  	138.27    	7365.61   	8612.71   	34.71     	
17	112290.44 	7900.37   	16291.39  	138.65    	7474.12   	8472.68   	36.74     	
18	112812.19 	2702.36   	15905.68  	137.79    	7396.84   	8390.67   	36.21     	
19	113159.31 	6248.14   	15625.14  	129.67    	7410.41   	8281.57   	35.51     	
20	113304.96 	2232.22   	15399.70  	128.34    	7422.77   	8539.18   	34.35     	
21	113592.47 	1806.94   	15170.56  	124.18    	7391.22   	8275.11   	37.13     	
22	113695.25 	1405.65   	15061.71  	129.92    	7383.80   	8544.53   	36.44     	
23	113698.51 	884.67    	14994.53  	130.47    	7507.25   	8277.73   	36.56     	
