Throughput: 544.9193523127957
AverageTotalTimeBreakdownReport
thread_id	 total_time	 stream_process	 txn_process	 overheads
0	42797.54  	3033.36   	24375.62  	15388.55  
1	44020.16  	3514.39   	24798.33  	15707.44  
2	43616.63  	3088.62   	24701.19  	15826.82  
3	42779.03  	2954.25   	24753.37  	15071.40  
4	43697.80  	3122.94   	24672.05  	15902.81  
5	44013.34  	3529.00   	24762.88  	15721.45  
6	43789.80  	2980.63   	24682.38  	16126.79  
7	44014.55  	3629.45   	24646.42  	15738.68  
8	42902.27  	3513.99   	24941.38  	14446.90  
9	42630.99  	2949.26   	24966.57  	14715.16  
10	42894.40  	3487.36   	24739.96  	14667.08  
11	42625.73  	3094.91   	24934.88  	14595.94  
12	42534.71  	2957.91   	24765.43  	14811.37  
13	42518.23  	3051.29   	25024.82  	14442.12  
14	42617.50  	2931.84   	24723.94  	14961.73  
15	42366.69  	2981.11   	25006.87  	14378.71  
16	42499.10  	2955.63   	24612.09  	14931.39  
17	42828.65  	3543.89   	24787.61  	14497.14  
18	42816.89  	3478.31   	24633.77  	14704.82  
19	42528.96  	3006.84   	25004.41  	14517.71  
20	42532.85  	3080.16   	24767.23  	14685.46  
21	42362.52  	3002.75   	25316.55  	14043.22  
22	42791.86  	3553.52   	24753.38  	14484.97  
23	42791.47  	3411.08   	24085.82  	15294.57  
phase_id	 throughput
0	558.7856  	
SchedulerTimeBreakdownReport
thread_id	 explore_time	 next_time	 useful_time	 notify_time	 construct_time	 first_explore_time	 scheduler_switch
0	8002.77   	21.49     	12010.93  	31.23     	9446.34   	2702.87   	0.00      	
1	8390.93   	20.26     	12037.87  	32.34     	9260.33   	2888.92   	0.00      	
2	8482.72   	16.23     	11875.07  	83.93     	8366.59   	2970.77   	0.00      	
3	8421.65   	25.88     	11957.51  	34.20     	8208.40   	2908.86   	0.00      	
4	8551.51   	18.29     	11820.08  	53.86     	8277.50   	2757.29   	0.00      	
5	8425.22   	17.72     	12006.47  	30.25     	8335.53   	2899.51   	0.00      	
6	8248.81   	16.01     	12044.70  	30.07     	9295.80   	2749.50   	0.00      	
7	8495.18   	16.03     	11833.74  	90.26     	9213.31   	2884.45   	0.00      	
8	8735.24   	16.05     	11864.97  	31.15     	8267.32   	2982.34   	0.00      	
9	8602.94   	20.09     	12010.48  	30.00     	8461.76   	3063.92   	0.00      	
10	8526.65   	15.33     	11876.70  	80.37     	7560.38   	3049.43   	0.00      	
11	8806.82   	17.30     	11802.11  	123.45    	8555.53   	3172.12   	0.00      	
12	8513.52   	16.33     	11878.34  	90.00     	8533.86   	2914.19   	0.00      	
13	8835.42   	15.32     	11852.93  	28.74     	8454.84   	2951.22   	0.00      	
14	8340.93   	15.55     	11995.38  	31.02     	8416.27   	2909.81   	0.00      	
15	8857.88   	17.56     	11817.22  	124.97    	7539.19   	3074.26   	0.00      	
16	8239.67   	20.79     	12025.77  	30.89     	7687.34   	2842.40   	0.00      	
17	8606.42   	17.09     	11892.84  	83.23     	8351.11   	2934.26   	0.00      	
18	8397.41   	17.70     	11880.13  	33.15     	8396.01   	2810.07   	0.00      	
19	8687.64   	16.23     	11947.69  	47.81     	8423.28   	3076.11   	0.00      	
20	8512.11   	15.98     	11947.66  	29.97     	8450.42   	3024.36   	0.00      	
21	8964.40   	16.18     	11992.65  	31.18     	7785.87   	3061.09   	0.00      	
22	8645.90   	23.13     	11821.51  	88.78     	8289.47   	3057.20   	0.00      	
23	7541.13   	27.19     	12020.93  	35.74     	8066.75   	2996.65   	0.00      	
