Throughput: 180.35147913915497
AverageTotalTimeBreakdownReport
thread_id	 total_time	 stream_process	 txn_process	 overheads
0	114676.99 	11274.35  	102565.19 	837.45    
1	114712.38 	11307.33  	102556.21 	848.84    
2	114709.78 	10284.91  	103601.79 	823.08    
3	114694.96 	11390.30  	102440.39 	864.28    
4	114710.22 	11549.62  	102285.43 	875.17    
5	114712.38 	11638.44  	102180.98 	892.96    
6	114701.30 	11460.21  	102324.59 	916.51    
7	114717.61 	11382.14  	102439.77 	895.70    
8	114717.08 	10408.71  	103429.22 	879.14    
9	114708.57 	11487.28  	102334.17 	887.11    
10	114710.15 	10254.06  	103616.30 	839.79    
11	114718.27 	12410.75  	101389.92 	917.60    
12	114703.87 	11732.06  	102061.95 	909.86    
13	114699.96 	11686.98  	102110.74 	902.23    
14	114702.43 	10358.27  	103499.29 	844.87    
15	114699.12 	10257.20  	103588.44 	853.47    
16	114692.23 	10222.02  	103636.63 	833.59    
17	114721.62 	12567.21  	101232.51 	921.90    
18	114699.27 	11754.02  	102035.04 	910.21    
19	114718.54 	12501.70  	101296.43 	920.40    
phase_id	 throughput
0	232.8019  	
1	278.6103  	
2	426.0519  	
3	449.9144  	
4	118.5382  	
5	278.0689  	
6	221.9637  	
7	157.1938  	
8	128.4190  	
9	133.4094  	
10	130.8489  	
11	127.1467  	
12	137.0055  	
13	150.1608  	
14	168.7110  	
SchedulerTimeBreakdownReport
thread_id	 explore_time	 next_time	 useful_time	 notify_time	 construct_time	 first_explore_time	 scheduler_switch
0	42720.31  	247.34    	58680.93  	383.32    	7623.88   	9407.82   	28.04     	
1	49320.52  	2700.67   	52088.65  	357.13    	7651.87   	9090.03   	26.12     	
2	52750.12  	1874.65   	49707.31  	270.29    	6964.36   	9284.63   	26.94     	
3	66513.40  	8315.60   	34788.19  	264.83    	7848.51   	8263.80   	27.56     	
4	73550.00  	11742.50  	27588.38  	229.12    	7864.05   	7529.41   	25.76     	
5	71234.99  	10251.80  	29788.59  	238.88    	7908.00   	7628.24   	24.88     	
6	78285.55  	12265.68  	22909.68  	201.63    	7905.83   	7411.40   	13.74     	
7	80525.20  	13967.60  	20770.02  	166.06    	7731.46   	7412.58   	27.19     	
8	82822.69  	14051.13  	19445.56  	144.57    	6933.52   	7107.17   	28.36     	
9	82613.93  	11560.36  	18572.85  	153.15    	7767.58   	6813.51   	25.96     	
10	81158.62  	10455.65  	21325.19  	143.19    	6882.91   	7229.30   	26.39     	
11	82371.37  	8226.65   	17869.61  	161.08    	8634.54   	7027.83   	25.94     	
12	84031.42  	8717.30   	16891.35  	147.35    	7983.09   	6994.53   	24.38     	
13	84617.47  	6976.25   	16343.56  	143.79    	7989.69   	6679.26   	26.66     	
14	86638.52  	2724.38   	15701.76  	122.81    	6888.64   	6892.41   	27.82     	
15	84210.52  	2285.05   	18243.64  	128.76    	6865.46   	7144.40   	27.49     	
16	86925.22  	1621.51   	15582.24  	117.58    	6850.33   	6976.35   	26.69     	
17	84948.54  	2295.97   	15131.93  	136.68    	8703.14   	6853.19   	25.00     	
18	86134.33  	1570.31   	14755.48  	131.83    	8042.84   	6604.00   	26.53     	
19	85677.02  	1106.27   	14474.75  	142.26    	8718.90   	6715.62   	15.82     	
