Throughput: 1669.4447397908275
AverageTotalTimeBreakdownReport
thread_id	 total_time	 stream_process	 txn_process	 overheads
0	14366.66  	1030.47   	6968.96   	6367.23   
1	14362.33  	949.11    	7241.26   	6171.96   
2	14362.25  	968.94    	7109.72   	6283.59   
3	14362.53  	959.85    	7331.26   	6071.43   
4	14361.79  	884.85    	8071.68   	5405.26   
5	14362.55  	820.10    	8089.61   	5452.84   
6	14362.54  	849.67    	8039.34   	5473.53   
7	14369.40  	865.70    	7369.83   	6133.87   
8	14369.42  	837.34    	8076.73   	5455.35   
9	14369.19  	808.49    	8363.14   	5197.56   
10	14368.38  	840.61    	8192.39   	5335.37   
11	14360.91  	830.22    	8079.39   	5451.29   
12	14360.03  	841.55    	8027.68   	5490.80   
13	14360.02  	881.84    	8018.44   	5459.74   
14	14365.68  	808.46    	8455.13   	5102.09   
15	14358.05  	867.43    	8439.26   	5051.36   
16	14364.38  	882.66    	8102.16   	5379.56   
17	14356.97  	894.77    	7534.35   	5927.85   
18	14363.17  	866.31    	8111.38   	5385.49   
19	14350.09  	883.10    	8067.12   	5399.88   
20	14356.57  	928.75    	7609.39   	5818.43   
21	14348.38  	921.74    	7816.28   	5610.36   
22	14347.97  	935.66    	7750.54   	5661.76   
23	14346.19  	915.32    	7780.15   	5650.72   
phase_id	 throughput
0	1671.2346 	
SchedulerTimeBreakdownReport
thread_id	 explore_time	 next_time	 useful_time	 notify_time	 construct_time	 first_explore_time	 scheduler_switch
0	2559.94   	2.11      	2965.56   	3.93      	3906.74   	902.03    	0.00      	
1	3026.01   	2.26      	2804.54   	3.66      	3631.17   	882.67    	0.00      	
2	2887.62   	3.41      	2814.51   	3.51      	3850.99   	861.68    	0.00      	
3	3147.78   	1.98      	2773.88   	3.66      	3651.59   	873.32    	0.00      	
4	3842.89   	2.06      	2809.81   	3.71      	3163.37   	869.69    	0.00      	
5	3648.71   	2.20      	2905.16   	3.38      	3009.76   	869.98    	0.00      	
6	3639.37   	2.51      	2880.66   	3.37      	3035.22   	868.88    	0.00      	
7	3056.83   	2.52      	2799.08   	3.71      	3659.38   	853.18    	0.00      	
8	3661.72   	2.68      	2895.98   	3.95      	2999.61   	897.33    	0.00      	
9	4063.34   	2.12      	2786.69   	3.20      	2926.97   	892.32    	0.00      	
10	3785.64   	2.25      	2888.64   	3.56      	2935.10   	889.02    	0.00      	
11	3699.29   	2.70      	2865.41   	3.39      	3004.53   	887.17    	0.00      	
12	3670.87   	2.31      	2835.68   	3.87      	3044.35   	888.56    	0.00      	
13	3656.73   	2.77      	2849.07   	4.04      	3035.15   	876.53    	0.00      	
14	4041.28   	2.39      	2906.30   	3.57      	2886.02   	910.60    	0.00      	
15	4098.71   	2.30      	2874.70   	3.30      	2885.11   	906.52    	0.00      	
16	3816.87   	2.36      	2835.93   	3.33      	3066.28   	893.90    	0.00      	
17	3276.74   	2.13      	2807.45   	4.12      	3530.61   	857.33    	0.00      	
18	3846.46   	2.33      	2819.16   	3.35      	3091.83   	901.32    	0.00      	
19	3698.46   	2.21      	2908.51   	3.29      	3017.88   	895.77    	0.00      	
20	3472.61   	2.12      	2745.88   	12.49     	3469.87   	864.06    	0.00      	
21	3603.80   	2.54      	2804.36   	3.33      	3238.20   	872.46    	0.00      	
22	3558.75   	2.22      	2791.07   	4.04      	3328.22   	858.31    	0.00      	
23	3557.67   	2.38      	2818.21   	3.87      	3301.80   	878.95    	0.00      	
