Throughput: 36.25555482438449
AverageTotalTimeBreakdownReport
thread_id	 total_time	 stream_process	 txn_process	 overheads
0	110321.51 	9963.95   	100019.87 	337.69    
1	110333.11 	10394.19  	99604.29  	334.62    
2	110327.71 	9040.65   	100944.24 	342.82    
3	110328.83 	9167.93   	100821.64 	339.26    
phase_id	 throughput
0	27.4261   	
1	29.3518   	
2	38.1085   	
3	36.8795   	
4	33.6011   	
5	28.6881   	
6	32.0662   	
7	44.9188   	
8	52.5602   	
9	57.9604   	
10	57.7341   	
11	58.0264   	
12	57.9104   	
13	58.1144   	
14	58.3692   	
15	58.4080   	
16	59.4135   	
17	58.2123   	
18	58.8325   	
19	58.6855   	
20	58.3649   	
21	58.9370   	
22	59.0083   	
23	58.8759   	
24	53.8697   	
25	53.2989   	
26	53.8808   	
27	53.6985   	
28	11.6073   	
29	41.0754   	
30	36.3991   	
31	45.3570   	
32	44.5910   	
33	40.8698   	
34	41.2900   	
35	41.4146   	
36	37.8073   	
37	37.4457   	
38	38.3635   	
39	49.3006   	
40	49.2163   	
41	50.3427   	
42	32.3405   	
43	35.0405   	
44	33.6370   	
45	31.7548   	
46	30.8827   	
47	30.9085   	
48	28.3996   	
49	28.4749   	
50	30.3293   	
51	33.0049   	
52	33.1367   	
53	29.9116   	
54	26.5692   	
55	26.1820   	
56	27.8665   	
57	29.9738   	
58	29.4267   	
59	29.5399   	
60	30.4210   	
61	29.1910   	
62	28.9699   	
63	29.3588   	
64	29.0006   	
65	29.6138   	
66	32.4118   	
67	31.5911   	
68	31.9767   	
69	31.4485   	
70	31.3788   	
71	31.9226   	
72	33.4963   	
73	34.1978   	
74	34.4114   	
75	34.1747   	
76	34.3780   	
77	33.8478   	
SchedulerTimeBreakdownReport
thread_id	 explore_time	 next_time	 useful_time	 notify_time	 construct_time	 first_explore_time	 scheduler_switch
0	53733.74  	151.96    	46048.56  	240.26    	5480.93   	7060.21   	2.58      	
1	76961.19  	9304.39   	22387.18  	139.56    	5419.20   	5589.87   	1.29      	
2	83241.35  	1309.85   	17454.82  	113.72    	5342.23   	5319.34   	1.55      	
3	85148.22  	298.87    	15430.30  	101.93    	5452.83   	5194.82   	1.48      	
