Throughput: 522.0799092453216
AverageTotalTimeBreakdownReport
thread_id	 total_time	 stream_process	 txn_process	 overheads
0	45912.12  	886.08    	34064.57  	10961.47  
1	45904.69  	877.87    	27053.25  	17973.57  
2	45935.93  	913.62    	35268.28  	9754.03   
3	45929.08  	879.24    	35160.44  	9889.41   
4	45917.74  	877.13    	34358.00  	10682.61  
5	45897.99  	875.15    	34242.46  	10780.38  
6	45907.83  	877.62    	31675.60  	13354.60  
7	45915.04  	877.49    	34594.13  	10443.41  
8	45915.76  	909.11    	22861.66  	22144.98  
9	45915.37  	872.42    	34407.35  	10635.59  
10	45919.04  	870.70    	35195.00  	9853.33   
11	45918.42  	924.65    	35040.56  	9953.21   
12	45907.01  	865.86    	34976.09  	10065.06  
13	45886.72  	924.69    	27808.69  	17153.34  
14	45924.38  	915.95    	27425.96  	17582.47  
15	45924.33  	924.53    	27475.02  	17524.79  
16	45881.44  	849.76    	35154.22  	9877.47   
17	45918.45  	909.17    	28932.39  	16076.89  
18	45917.49  	891.39    	34237.09  	10789.00  
19	45913.37  	897.45    	31637.89  	13378.03  
20	45911.64  	902.80    	34657.72  	10351.12  
21	45904.99  	812.32    	35327.39  	9765.28   
22	45912.65  	866.10    	35259.58  	9786.96   
23	45933.21  	856.03    	34476.68  	10600.50  
phase_id	 throughput
0	522.7218  	
SchedulerTimeBreakdownReport
thread_id	 explore_time	 next_time	 useful_time	 notify_time	 construct_time	 first_explore_time	 scheduler_switch
0	26991.17  	141.78    	5740.70   	1461.58   	8805.27   	10488.56  	0.00      	
1	21690.26  	113.23    	4046.54   	1720.47   	15751.99  	10468.01  	0.00      	
2	30364.54  	101.48    	3589.24   	1306.73   	7635.16   	10532.19  	0.00      	
3	30408.17  	100.48    	3401.99   	1173.08   	7745.62   	10495.27  	0.00      	
4	29774.64  	93.52     	3264.28   	1095.09   	8488.36   	10511.01  	0.00      	
5	29777.69  	84.73     	3141.58   	1052.19   	8578.11   	10469.49  	0.00      	
6	27310.91  	80.96     	3038.83   	999.84    	11163.45  	10472.25  	0.00      	
7	30308.62  	90.21     	2964.25   	954.49    	8269.57   	10516.51  	0.00      	
8	18642.47  	83.96     	2896.85   	915.42    	19979.38  	10494.42  	0.00      	
9	30265.63  	80.87     	2818.70   	887.46    	8480.59   	10514.09  	0.00      	
10	31156.17  	76.06     	2715.98   	887.66    	7697.32   	10517.48  	0.00      	
11	31010.20  	68.54     	2703.08   	853.25    	7812.09   	10504.13  	0.00      	
12	31016.83  	66.96     	2628.80   	847.92    	7919.25   	10508.54  	0.00      	
13	23916.70  	74.21     	2561.28   	822.80    	14914.93  	10488.25  	0.00      	
14	23626.34  	70.36     	2473.89   	822.00    	15359.08  	10500.41  	0.00      	
15	23739.03  	66.35     	2409.42   	785.73    	15295.14  	10475.17  	0.00      	
16	31474.16  	68.51     	2352.49   	739.50    	7705.24   	10492.27  	0.00      	
17	25314.62  	62.98     	2290.69   	765.33    	13840.12  	10468.35  	0.00      	
18	30673.70  	63.75     	2225.79   	749.71    	8619.34   	10491.04  	0.00      	
19	28114.23  	66.00     	2187.92   	737.31    	11173.04  	10512.31  	0.00      	
20	31195.27  	59.16     	2129.70   	726.88    	8214.30   	10508.89  	0.00      	
21	31806.89  	55.34     	2130.31   	716.84    	7656.47   	10481.35  	0.00      	
22	31719.41  	53.25     	2127.76   	718.36    	7680.56   	10510.54  	0.00      	
23	30906.34  	56.21     	2152.89   	723.42    	8479.00   	10519.70  	0.00      	
