Throughput: 364.7034619714492
AverageTotalTimeBreakdownReport
thread_id	 total_time	 stream_process	 txn_process	 overheads
0	65753.51  	1115.54   	55823.03  	8814.94   
1	65471.38  	898.26    	55546.72  	9026.39   
2	65442.26  	853.98    	47772.87  	16815.41  
3	65472.98  	897.33    	52564.06  	12011.59  
4	65442.74  	863.31    	54138.68  	10440.75  
5	65432.44  	910.28    	54004.27  	10517.88  
6	65433.26  	860.25    	53390.66  	11182.34  
7	65456.63  	819.04    	44481.03  	20156.56  
8	65462.99  	817.74    	36910.32  	27734.93  
9	65434.02  	840.10    	47503.44  	17090.49  
10	65436.30  	838.30    	55966.74  	8631.26   
11	65462.59  	894.17    	53154.35  	11414.07  
12	65431.68  	836.98    	50210.83  	14383.87  
13	65773.09  	1177.45   	48726.43  	15869.20  
14	65441.26  	844.28    	35617.65  	28979.33  
15	65427.93  	825.65    	36476.21  	28126.07  
16	65452.90  	857.25    	34379.59  	30216.06  
17	65459.54  	900.79    	48517.93  	16040.82  
18	65451.23  	847.19    	53129.15  	11474.89  
19	65445.50  	841.67    	36822.79  	27781.04  
20	65444.90  	888.65    	54799.75  	9756.51   
21	65448.84  	837.89    	56037.04  	8573.91   
22	65481.48  	891.72    	55635.46  	8954.30   
23	65454.38  	866.68    	49977.00  	14610.70  
phase_id	 throughput
0	366.5496  	
SchedulerTimeBreakdownReport
thread_id	 explore_time	 next_time	 useful_time	 notify_time	 construct_time	 first_explore_time	 scheduler_switch
0	43454.80  	252.74    	10859.92  	2606.55   	6879.92   	13003.78  	0.00      	
1	49580.96  	159.45    	4546.58   	2471.97   	7168.68   	13031.41  	0.00      	
2	42792.61  	131.56    	3564.51   	1459.25   	14935.32  	12971.41  	0.00      	
3	48129.21  	119.42    	3012.40   	1170.71   	10102.03  	13011.77  	0.00      	
4	50058.22  	99.62     	2659.01   	1028.07   	8293.36   	12994.59  	0.00      	
5	50145.75  	93.18     	2434.84   	923.36    	8544.10   	13023.16  	0.00      	
6	49700.25  	80.87     	2258.20   	851.65    	9084.93   	13011.78  	0.00      	
7	40854.19  	82.10     	2169.72   	793.38    	18142.65  	12979.49  	0.00      	
8	33333.01  	78.66     	2110.40   	739.02    	25880.07  	13011.65  	0.00      	
9	44161.69  	69.85     	1914.50   	699.41    	15186.19  	13016.03  	0.00      	
10	52692.79  	63.43     	1845.23   	658.15    	6691.47   	13000.41  	0.00      	
11	49834.28  	66.12     	1885.13   	642.90    	9241.06   	12983.15  	0.00      	
12	47042.79  	63.82     	1729.90   	621.96    	12367.10  	12994.57  	0.00      	
13	45477.49  	65.77     	1810.96   	602.09    	13929.81  	13001.58  	0.00      	
14	32577.46  	58.52     	1609.70   	569.60    	27123.00  	12986.85  	0.00      	
15	33509.27  	56.74     	1531.65   	540.53    	26259.79  	12973.48  	0.00      	
16	31419.02  	52.36     	1528.38   	533.23    	28385.25  	12992.76  	0.00      	
17	45597.89  	52.48     	1478.39   	512.30    	13866.28  	12981.87  	0.00      	
18	50069.03  	48.25     	1592.28   	506.41    	9320.16   	12991.73  	0.00      	
19	33996.58  	48.47     	1386.89   	487.10    	25940.23  	13006.98  	0.00      	
20	52077.88  	43.13     	1281.31   	460.49    	7773.96   	12991.26  	0.00      	
21	53257.76  	37.21     	1289.84   	446.90    	6710.76   	13014.62  	0.00      	
22	52854.83  	38.43     	1295.48   	438.70    	7068.86   	12990.60  	0.00      	
23	46977.62  	31.27     	1519.70   	441.19    	12466.50  	13011.14  	0.00      	
