Throughput: 154.08989928080217
AverageTotalTimeBreakdownReport
thread_id	 total_time	 stream_process	 txn_process	 overheads
0	155694.26 	851.45    	113145.58 	41697.23  
1	155674.11 	815.53    	136423.78 	18434.80  
2	155674.53 	835.47    	139700.88 	15138.19  
3	155703.24 	844.82    	124646.05 	30212.38  
4	155675.89 	832.04    	137973.01 	16870.84  
5	155686.48 	839.48    	97005.62  	57841.38  
6	155698.28 	814.68    	124127.79 	30755.81  
7	155691.88 	853.76    	108694.15 	46143.97  
8	155704.34 	867.16    	146886.34 	7950.85   
9	155695.33 	858.06    	147416.98 	7420.29   
10	155743.27 	819.45    	145381.58 	9542.24   
11	155696.61 	864.17    	139014.53 	15817.91  
12	155691.66 	845.02    	98306.87  	56539.77  
13	155695.22 	867.74    	142315.00 	12512.48  
14	155694.10 	856.77    	100297.68 	54539.64  
15	155693.62 	864.49    	99349.12  	55480.00  
16	155702.06 	855.73    	86102.67  	68743.66  
17	155696.77 	794.74    	58657.46  	96244.57  
18	155692.53 	834.42    	85454.09  	69404.02  
19	155696.09 	851.23    	129145.01 	25699.85  
20	155673.74 	839.86    	133685.39 	21148.49  
21	155717.24 	833.59    	146035.51 	8848.13   
22	155717.56 	840.89    	134241.96 	20634.71  
23	155699.63 	823.65    	145740.98 	9135.00   
phase_id	 throughput
0	154.1464  	
SchedulerTimeBreakdownReport
thread_id	 explore_time	 next_time	 useful_time	 notify_time	 construct_time	 first_explore_time	 scheduler_switch
0	90774.28  	418.83    	21035.36  	5274.94   	39993.39  	23333.32  	0.00      	
1	130110.00 	193.30    	4986.59   	4740.19   	16729.98  	23333.31  	0.00      	
2	135019.54 	133.46    	3371.03   	1601.52   	13451.96  	23335.75  	0.00      	
3	120587.22 	110.73    	2726.05   	1173.33   	28527.45  	23346.76  	0.00      	
4	134319.65 	92.51     	2332.12   	932.73    	15179.19  	23368.79  	0.00      	
5	93606.00  	81.11     	2070.77   	783.95    	56189.60  	23334.50  	0.00      	
6	120878.32 	71.37     	1889.64   	700.73    	29068.57  	23357.30  	0.00      	
7	105663.45 	72.95     	1709.80   	619.26    	44413.62  	23356.58  	0.00      	
8	143978.63 	59.19     	1591.89   	564.37    	6219.94   	23365.41  	0.00      	
9	144618.38 	56.93     	1481.13   	499.32    	5695.35   	23348.93  	0.00      	
10	142508.23 	59.68     	1465.07   	463.29    	7791.23   	23370.28  	0.00      	
11	136332.93 	55.48     	1358.90   	424.97    	14081.21  	23372.73  	0.00      	
12	95687.56  	50.76     	1294.68   	410.37    	54841.96  	23332.67  	0.00      	
13	139787.58 	44.29     	1204.95   	402.62    	10747.39  	23364.03  	0.00      	
14	97854.06  	39.56     	1112.03   	379.64    	52762.24  	23338.91  	0.00      	
15	96969.26  	37.09     	1058.31   	357.74    	53743.00  	23361.45  	0.00      	
16	83800.29  	37.92     	973.63    	329.13    	66982.64  	23355.97  	0.00      	
17	56301.36  	37.76     	969.40    	317.36    	94510.18  	23389.39  	0.00      	
18	83202.66  	35.25     	902.25    	305.52    	67688.07  	23322.76  	0.00      	
19	126954.33 	31.61     	845.51    	303.18    	23982.11  	23340.34  	0.00      	
20	131585.52 	30.56     	761.14    	265.94    	19408.84  	23331.91  	0.00      	
21	143926.33 	27.50     	720.45    	255.73    	7124.45   	23347.41  	0.00      	
22	132182.00 	24.10     	667.08    	253.22    	18950.34  	23335.47  	0.00      	
23	143412.90 	22.56     	933.17    	255.92    	7462.09   	23369.23  	0.00      	
