Throughput: 586.4261974693472
AverageTotalTimeBreakdownReport
thread_id	 total_time	 stream_process	 txn_process	 overheads
0	40873.41  	1050.72   	24808.43  	15014.26  
1	40891.23  	1080.01   	25399.18  	14412.05  
2	40874.73  	980.31    	25256.22  	14638.20  
3	40875.36  	1042.63   	25676.55  	14156.18  
4	40890.32  	1061.00   	24208.28  	15621.05  
5	40877.03  	999.66    	25330.99  	14546.38  
6	40895.25  	1060.67   	24306.41  	15528.17  
7	40872.27  	1055.34   	24020.87  	15796.06  
8	40861.64  	1060.56   	22626.50  	17174.58  
9	40841.33  	1055.35   	25376.44  	14409.54  
10	40862.82  	1063.35   	25386.20  	14413.27  
11	40846.59  	1056.54   	24310.62  	15479.43  
12	40836.82  	1029.75   	19942.67  	19864.40  
13	40858.87  	1085.60   	24940.21  	14833.06  
14	40841.98  	1050.98   	25742.40  	14048.61  
15	40840.89  	1072.74   	27069.72  	12698.43  
16	40844.73  	1056.73   	27178.21  	12609.79  
17	40837.92  	1005.18   	28260.85  	11571.89  
18	40841.76  	994.85    	28241.97  	11604.93  
19	40839.81  	1061.25   	26782.87  	12995.69  
20	40842.32  	1115.52   	27593.66  	12133.14  
21	40871.90  	969.28    	28671.07  	11231.56  
22	40848.68  	994.72    	28680.14  	11173.82  
23	40826.38  	983.60    	28325.42  	11517.36  
phase_id	 throughput
0	587.3992  	
SchedulerTimeBreakdownReport
thread_id	 explore_time	 next_time	 useful_time	 notify_time	 construct_time	 first_explore_time	 scheduler_switch
0	19391.46  	86.96     	3899.72   	1188.97   	12599.40  	10426.57  	0.00      	
1	20076.41  	86.47     	3812.26   	1180.26   	11998.83  	10484.18  	0.00      	
2	19856.11  	84.42     	3812.32   	1159.02   	12281.25  	10444.97  	0.00      	
3	20335.28  	84.50     	3821.17   	1161.59   	11839.86  	10481.13  	0.00      	
4	18900.43  	85.02     	3783.32   	1172.79   	13218.98  	10476.49  	0.00      	
5	19923.97  	87.31     	3848.83   	1145.96   	12186.75  	10470.87  	0.00      	
6	18886.06  	90.23     	3890.32   	1200.11   	13150.55  	10460.12  	0.00      	
7	18660.51  	89.68     	3852.84   	1180.85   	13424.04  	10428.79  	0.00      	
8	17285.25  	87.36     	3805.67   	1171.92   	14813.14  	10439.15  	0.00      	
9	20005.55  	87.39     	3864.37   	1115.24   	12090.52  	10458.72  	0.00      	
10	20047.38  	88.05     	3823.79   	1130.46   	12089.41  	10456.04  	0.00      	
11	18967.54  	87.43     	3806.84   	1149.49   	13119.82  	10449.26  	0.00      	
12	14554.48  	106.46    	3870.02   	1191.70   	17486.93  	10484.70  	0.00      	
13	19602.36  	88.66     	3822.14   	1148.01   	12462.98  	10438.35  	0.00      	
14	20388.32  	88.56     	3842.67   	1166.86   	11723.58  	10475.06  	0.00      	
15	21741.64  	87.56     	3815.59   	1165.96   	10369.90  	10471.25  	0.00      	
16	21822.76  	88.51     	3845.26   	1153.97   	10203.72  	10449.57  	0.00      	
17	22861.65  	91.56     	3881.62   	1172.33   	9365.93   	10474.00  	0.00      	
18	22800.71  	101.51    	3909.84   	1147.69   	9453.02   	10491.08  	0.00      	
19	21393.02  	90.22     	3875.37   	1172.54   	10649.24  	10464.36  	0.00      	
20	22265.11  	86.20     	3818.82   	1165.57   	9850.42   	10446.71  	0.00      	
21	23246.41  	91.84     	3832.63   	1182.95   	9017.02   	10489.70  	0.00      	
22	23242.71  	88.03     	3878.78   	1193.82   	9107.20   	10470.36  	0.00      	
23	22848.97  	89.52     	3919.68   	1200.27   	9315.55   	10459.70  	0.00      	
