Throughput: 117.64575912697065
AverageTotalTimeBreakdownReport
thread_id	 total_time	 stream_process	 txn_process	 overheads
0	203649.46 	818.33    	138811.04 	64020.09  
1	203905.93 	1045.54   	121433.03 	81427.36  
2	203652.59 	799.59    	143643.65 	59209.36  
3	203651.35 	797.85    	196080.70 	6772.80   
4	203653.89 	804.09    	196856.66 	5993.14   
5	203663.26 	808.46    	162663.75 	40191.06  
6	203663.42 	793.63    	83608.84  	119260.95 
7	203682.34 	817.51    	173216.31 	29648.52  
8	203661.58 	813.83    	155477.88 	47369.86  
9	203660.64 	800.12    	192255.95 	10604.57  
10	203659.19 	827.73    	172440.62 	30390.85  
11	203660.04 	811.80    	152118.33 	50729.92  
12	204001.23 	1156.55   	100569.22 	102275.46 
13	203662.78 	809.52    	93584.22  	109269.04 
14	203660.42 	802.58    	99294.09  	103563.75 
15	203953.80 	1109.38   	106544.96 	96299.47  
16	203960.57 	1108.47   	184808.93 	18043.17  
17	203651.08 	819.20    	176000.38 	26831.50  
18	203639.72 	776.07    	165459.72 	37403.93  
19	203909.73 	1075.01   	110468.31 	92366.42  
20	203914.72 	1090.05   	137447.85 	65376.82  
21	203649.42 	745.20    	188571.36 	14332.86  
22	203649.24 	771.63    	185706.25 	17171.35  
23	203778.47 	903.01    	129540.68 	73334.77  
phase_id	 throughput
0	117.8012  	
SchedulerTimeBreakdownReport
thread_id	 explore_time	 next_time	 useful_time	 notify_time	 construct_time	 first_explore_time	 scheduler_switch
0	106633.64 	495.89    	30775.05  	8544.95   	62290.50  	32384.91  	0.00      	
1	116700.63 	138.43    	3352.10   	5593.55   	79942.12  	32433.58  	0.00      	
2	140208.70 	82.17     	2046.73   	970.77    	57466.26  	32427.06  	0.00      	
3	193189.29 	67.73     	1518.13   	644.49    	5252.05   	32411.49  	0.00      	
4	194199.18 	57.06     	1288.13   	484.85    	4444.25   	32416.86  	0.00      	
5	160225.35 	62.47     	1068.82   	391.24    	38689.93  	32424.00  	0.00      	
6	81268.33  	35.75     	964.65    	323.60    	117739.09 	32450.60  	0.00      	
7	170900.06 	37.28     	890.80    	282.52    	27751.37  	32398.36  	0.00      	
8	153273.66 	35.60     	831.84    	251.67    	45750.98  	32444.62  	0.00      	
9	190092.09 	33.15     	783.97    	216.92    	9069.10   	32412.87  	0.00      	
10	170330.48 	31.47     	734.53    	209.78    	28642.55  	32428.23  	0.00      	
11	150030.42 	27.93     	705.13    	181.85    	49180.10  	32405.13  	0.00      	
12	98506.32  	25.22     	686.97    	171.34    	100661.85 	32420.98  	0.00      	
13	91562.46  	26.35     	642.36    	157.75    	107663.40 	32394.22  	0.00      	
14	97264.47  	24.51     	651.72    	145.19    	102003.09 	32383.45  	0.00      	
15	104586.41 	20.11     	580.27    	136.96    	94620.31  	32409.25  	0.00      	
16	182863.57 	18.99     	565.89    	125.74    	16543.46  	32421.49  	0.00      	
17	174085.93 	18.56     	532.24    	125.69    	25128.65  	32418.33  	0.00      	
18	163566.68 	16.90     	491.86    	118.18    	35905.54  	32412.98  	0.00      	
19	108603.72 	15.22     	477.72    	108.45    	90717.59  	32416.87  	0.00      	
20	135650.74 	12.46     	412.22    	113.56    	63899.71  	32433.44  	0.00      	
21	186726.59 	23.03     	377.55    	100.25    	12864.04  	32441.39  	0.00      	
22	183904.29 	10.60     	357.79    	92.34     	15720.00  	32426.38  	0.00      	
23	127706.00 	8.79      	383.80    	86.67     	71747.51  	32409.97  	0.00      	
