Throughput: 138.88710172802797
AverageTotalTimeBreakdownReport
thread_id	 total_time	 stream_process	 txn_process	 overheads
0	172800.74 	13524.05  	158166.34 	1110.34   
1	172835.62 	13342.38  	158401.69 	1091.56   
2	172839.27 	13093.11  	158647.20 	1098.95   
3	172819.26 	13262.52  	158538.90 	1017.84   
4	172829.69 	13282.77  	158543.84 	1003.09   
5	172828.67 	13226.59  	158425.23 	1176.85   
6	172828.92 	13294.32  	158526.12 	1008.48   
7	172827.36 	13170.21  	158494.92 	1162.24   
8	172824.46 	13117.02  	158541.53 	1165.91   
9	172820.85 	13046.63  	158615.48 	1158.74   
10	172826.82 	13163.45  	158489.74 	1173.63   
11	172825.11 	13098.59  	158558.90 	1167.63   
12	172824.67 	13118.71  	158578.50 	1127.46   
13	172823.87 	13335.54  	158301.69 	1186.64   
14	172819.25 	13076.17  	158675.59 	1067.49   
15	172815.51 	13100.51  	158538.74 	1176.26   
16	172816.39 	13095.52  	158643.78 	1077.08   
17	172813.96 	13160.02  	158482.54 	1171.40   
18	172815.35 	13309.92  	158320.40 	1185.03   
19	172816.11 	13104.51  	158632.32 	1079.27   
20	172812.16 	13052.11  	158678.64 	1081.41   
21	172807.31 	13146.31  	158662.44 	998.57    
22	172806.17 	13306.63  	158346.78 	1152.76   
23	172805.27 	13380.00  	158296.49 	1128.77   
phase_id	 throughput
0	216.6853  	
1	253.5695  	
2	374.7501  	
3	381.4089  	
4	300.0650  	
5	247.7427  	
6	183.4236  	
7	127.5811  	
8	123.8677  	
9	109.4216  	
10	62.6988   	
11	72.6055   	
12	82.1865   	
SchedulerTimeBreakdownReport
thread_id	 explore_time	 next_time	 useful_time	 notify_time	 construct_time	 first_explore_time	 scheduler_switch
0	94583.62  	439.26    	62324.75  	458.12    	9002.33   	19789.67  	0.10      	
1	82817.21  	524.69    	74325.93  	540.93    	9051.26   	22249.13  	0.07      	
2	77792.87  	851.23    	79714.25  	512.16    	8816.73   	21468.67  	0.05      	
3	73501.90  	1383.46   	83889.54  	498.83    	8939.48   	20608.86  	0.11      	
4	108710.62 	4489.79   	48502.85  	458.74    	9016.66   	18925.50  	0.06      	
5	116337.64 	6643.45   	40825.17  	428.14    	8961.62   	19438.43  	0.05      	
6	121027.34 	5890.12   	36229.40  	411.73    	9010.62   	18895.65  	0.06      	
7	124384.74 	8624.54   	32848.83  	339.08    	8933.73   	18533.08  	0.05      	
8	126931.45 	7294.93   	30432.86  	313.95    	8871.29   	18220.41  	0.08      	
9	128798.15 	9033.53   	28560.86  	303.62    	8868.53   	18012.83  	0.07      	
10	130145.60 	7091.71   	27050.01  	299.07    	8918.84   	16516.06  	0.06      	
11	131687.05 	8980.26   	25856.78  	298.09    	8842.72   	16328.82  	0.07      	
12	132651.39 	6260.22   	24812.09  	288.79    	8901.24   	16286.10  	0.05      	
13	133131.75 	7803.88   	23877.91  	283.10    	9067.31   	15944.68  	0.06      	
14	134287.67 	5590.95   	23048.12  	276.10    	8877.63   	14895.98  	0.06      	
15	134902.96 	6680.97   	22323.44  	249.67    	8890.10   	14629.52  	0.09      	
16	135818.68 	4138.82   	21668.33  	257.89    	8833.93   	15446.93  	0.06      	
17	136143.48 	5643.65   	21142.40  	257.48    	8900.61   	16556.79  	0.06      	
18	136519.95 	2711.24   	20663.30  	245.99    	9021.45   	15456.61  	0.05      	
19	137298.87 	5692.63   	20175.20  	250.76    	8887.30   	16326.37  	0.06      	
20	137665.82 	2093.58   	19751.13  	237.21    	8839.99   	15275.57  	0.08      	
21	137939.45 	816.07    	19379.55  	233.14    	8916.66   	16097.09  	0.07      	
22	138067.50 	752.09    	19088.05  	231.73    	9012.97   	15345.53  	0.06      	
23	138349.08 	824.87    	18723.51  	227.89    	9134.14   	16144.52  	0.07      	
