Throughput: 482.4491777502213
AverageTotalTimeBreakdownReport
thread_id	 total_time	 stream_process	 txn_process	 overheads
0	49692.01  	1842.09   	30721.63  	17128.28  
1	49380.62  	1874.13   	31401.95  	16104.54  
2	49746.58  	2002.23   	31471.99  	16272.36  
3	49703.88  	1872.86   	31521.44  	16309.58  
4	49746.29  	1867.67   	31284.46  	16594.17  
5	49746.17  	1857.09   	31322.14  	16566.94  
6	49704.29  	1930.60   	31226.55  	16547.15  
7	49746.41  	1833.71   	31312.66  	16600.03  
8	49704.35  	1829.90   	30764.12  	17110.33  
9	49702.97  	1902.81   	31626.81  	16173.35  
10	49703.48  	1825.69   	31635.06  	16242.72  
11	49703.78  	1837.36   	31502.94  	16363.48  
12	49738.44  	1835.19   	31494.80  	16408.45  
13	49389.77  	1866.87   	31232.40  	16290.51  
14	49672.58  	1873.21   	31243.47  	16555.90  
15	49712.39  	1881.96   	31344.14  	16486.30  
16	49668.68  	1833.23   	31732.23  	16103.21  
17	49710.17  	1932.60   	31461.48  	16316.09  
18	49630.21  	1831.29   	31581.42  	16217.50  
19	49668.42  	1843.30   	31367.99  	16457.13  
20	49663.57  	1833.15   	31860.80  	15969.61  
21	49658.45  	1795.01   	31910.72  	15952.72  
22	49310.18  	1822.00   	31799.61  	15688.56  
23	49647.78  	1816.96   	31173.12  	16657.71  
phase_id	 throughput
0	483.3249  	
SchedulerTimeBreakdownReport
thread_id	 explore_time	 next_time	 useful_time	 notify_time	 construct_time	 first_explore_time	 scheduler_switch
0	23733.48  	173.13    	4224.81   	91.39     	13100.58  	17746.01  	0.00      	
1	24545.31  	155.29    	4153.91   	93.14     	12550.90  	17724.81  	0.00      	
2	24651.00  	162.33    	4136.88   	91.18     	12403.20  	17888.46  	0.00      	
3	24750.52  	152.31    	4055.40   	94.00     	12468.50  	17792.70  	0.00      	
4	24481.42  	159.24    	4039.76   	92.34     	12636.35  	17724.51  	0.00      	
5	24451.74  	164.47    	4142.52   	101.02    	12599.26  	17756.20  	0.00      	
6	24319.03  	156.45    	4171.99   	97.18     	12683.49  	17724.60  	0.00      	
7	24480.75  	154.40    	4068.21   	90.32     	12682.63  	17730.40  	0.00      	
8	23883.96  	159.04    	4120.86   	91.45     	13132.53  	17683.04  	0.00      	
9	24817.71  	160.72    	4092.64   	95.03     	12317.16  	17839.27  	0.00      	
10	24733.43  	161.80    	4141.16   	97.86     	12423.50  	17842.29  	0.00      	
11	24607.81  	176.34    	4126.72   	96.63     	12481.99  	17718.96  	0.00      	
12	24585.26  	194.01    	4180.21   	98.85     	12524.92  	17766.90  	0.00      	
13	24345.08  	162.55    	4143.28   	95.92     	12646.19  	17778.35  	0.00      	
14	24315.19  	164.50    	4194.71   	97.00     	12697.22  	17792.07  	0.00      	
15	24414.69  	162.75    	4184.53   	95.70     	12645.77  	17827.23  	0.00      	
16	24768.00  	171.62    	4222.57   	101.38    	12310.11  	17882.79  	0.00      	
17	24528.05  	166.73    	4200.32   	104.27    	12505.16  	17789.82  	0.00      	
18	24683.41  	159.04    	4148.89   	125.52    	12446.57  	17864.93  	0.00      	
19	24468.41  	163.28    	4168.54   	95.64     	12573.85  	17722.92  	0.00      	
20	24977.88  	151.27    	4121.13   	96.50     	12279.15  	17901.33  	0.00      	
21	25017.14  	160.03    	4104.07   	97.13     	12237.08  	17897.84  	0.00      	
22	24935.56  	139.66    	4130.51   	99.03     	12297.58  	17760.11  	0.00      	
23	24296.83  	170.42    	4130.90   	102.58    	12755.95  	17761.02  	0.00      	
