Throughput: 299.7702081316899
AverageTotalTimeBreakdownReport
thread_id	 total_time	 stream_process	 txn_process	 overheads
0	79971.36  	2221.26   	59630.71  	18119.39  
1	80036.50  	2242.29   	60923.90  	16870.31  
2	80022.71  	2228.78   	58751.62  	19042.31  
3	79980.36  	2143.87   	62049.87  	15786.61  
4	79986.33  	2217.85   	63605.05  	14163.43  
5	80037.70  	2274.19   	60873.90  	16889.61  
6	80034.74  	2217.09   	56465.35  	21352.30  
7	79952.92  	2240.03   	61436.77  	16276.12  
8	79954.06  	2192.59   	62804.36  	14957.11  
9	80007.32  	2222.52   	63610.09  	14174.70  
10	79927.74  	2159.62   	61367.94  	16400.18  
11	80024.07  	2232.62   	59417.27  	18374.18  
12	79936.81  	2171.59   	59637.06  	18128.16  
13	79961.58  	2190.76   	60876.39  	16894.43  
14	79955.48  	2184.10   	62620.34  	15151.04  
15	79941.85  	2238.73   	62447.10  	15256.01  
16	79944.90  	2171.15   	62761.01  	15012.74  
17	79977.16  	2186.24   	55330.42  	22460.50  
18	79943.76  	2157.51   	56851.08  	20935.17  
19	80004.97  	2252.17   	61145.92  	16606.89  
20	79933.93  	2233.87   	62307.22  	15392.84  
21	79971.66  	2200.30   	63680.60  	14090.76  
22	79858.23  	2143.25   	62112.91  	15602.07  
23	79850.30  	2148.96   	63357.40  	14343.94  
phase_id	 throughput
0	300.1226  	
SchedulerTimeBreakdownReport
thread_id	 explore_time	 next_time	 useful_time	 notify_time	 construct_time	 first_explore_time	 scheduler_switch
0	35858.18  	483.97    	21174.67  	345.49    	14811.04  	18140.22  	0.00      	
1	50629.44  	266.39    	7808.12   	191.16    	13517.51  	18156.26  	0.00      	
2	50151.85  	200.75    	6084.24   	142.60    	15864.89  	18106.79  	0.00      	
3	54224.28  	172.09    	5299.77   	117.41    	12385.77  	18268.14  	0.00      	
4	56324.25  	153.86    	4828.10   	101.41    	11018.02  	18250.48  	0.00      	
5	53925.32  	134.46    	4430.13   	92.02     	13708.29  	18169.47  	0.00      	
6	49701.96  	127.53    	4243.71   	80.96     	18210.55  	18180.96  	0.00      	
7	54931.98  	108.80    	4045.79   	77.71     	12968.37  	18251.83  	0.00      	
8	56505.84  	115.80    	3817.91   	82.60     	11600.05  	18241.76  	0.00      	
9	57462.99  	104.40    	3658.10   	62.98     	10942.52  	18309.67  	0.00      	
10	55231.40  	84.74     	3601.15   	60.38     	13053.95  	18115.59  	0.00      	
11	53351.98  	93.08     	3552.43   	62.67     	15064.52  	18175.91  	0.00      	
12	53620.46  	86.78     	3504.14   	56.46     	14848.87  	18212.99  	0.00      	
13	54906.35  	87.25     	3437.33   	68.60     	13571.94  	18227.81  	0.00      	
14	56850.69  	77.37     	3233.21   	51.31     	11790.67  	18210.33  	0.00      	
15	56923.14  	71.86     	3028.78   	50.07     	11873.54  	18241.37  	0.00      	
16	57394.64  	69.93     	2792.40   	50.10     	11518.99  	18158.23  	0.00      	
17	50174.98  	65.89     	2585.42   	47.89     	19336.17  	18218.04  	0.00      	
18	51826.04  	62.62     	2451.56   	47.00     	17784.78  	18091.86  	0.00      	
19	56396.35  	77.79     	2180.58   	43.49     	13302.95  	18276.67  	0.00      	
20	57818.23  	52.45     	1961.12   	38.63     	12033.55  	18239.84  	0.00      	
21	59395.48  	48.64     	1712.47   	32.62     	10937.06  	18333.16  	0.00      	
22	58049.49  	42.34     	1465.12   	29.91     	12294.28  	18134.67  	0.00      	
23	59391.73  	35.20     	1401.77   	28.25     	11200.08  	18326.90  	0.00      	
