Throughput: 196.87887630476226
AverageTotalTimeBreakdownReport
thread_id	 total_time	 stream_process	 txn_process	 overheads
0	121900.87 	14835.56  	105559.33 	1505.97   
1	121897.43 	14731.21  	105663.25 	1502.97   
2	121878.10 	14672.92  	105709.14 	1496.04   
3	121893.19 	14748.39  	105601.17 	1543.63   
4	121903.61 	14824.70  	105555.19 	1523.73   
5	121888.72 	14537.43  	105848.04 	1503.26   
6	121888.33 	14725.31  	105635.28 	1527.74   
7	121889.37 	14736.60  	105596.96 	1555.80   
8	121882.49 	14965.96  	105338.91 	1577.63   
9	121881.52 	14523.97  	105842.67 	1514.87   
10	121878.54 	15011.31  	105326.64 	1540.59   
11	121899.04 	14640.52  	105738.50 	1520.02   
12	121883.55 	14962.56  	105395.03 	1525.95   
13	121894.71 	14569.12  	105791.31 	1534.28   
14	121881.47 	14573.37  	105771.25 	1536.86   
15	121879.05 	14685.41  	105664.34 	1529.30   
16	121878.13 	14540.57  	105826.19 	1511.37   
17	121875.69 	14678.09  	105668.88 	1528.72   
18	121876.14 	14780.30  	105575.45 	1520.38   
19	121890.69 	14835.34  	105521.60 	1533.75   
20	121872.08 	14686.92  	105650.75 	1534.42   
21	121869.22 	14590.76  	105767.94 	1510.51   
22	121870.45 	14723.47  	105643.07 	1503.92   
23	121872.03 	15148.29  	105212.08 	1511.66   
phase_id	 throughput
0	267.6897  	
1	326.2429  	
2	472.6508  	
3	508.6149  	
4	398.4425  	
5	251.6973  	
6	201.9249  	
7	136.8852  	
8	132.4081  	
9	123.6770  	
10	128.9253  	
11	145.0995  	
12	163.6512  	
SchedulerTimeBreakdownReport
thread_id	 explore_time	 next_time	 useful_time	 notify_time	 construct_time	 first_explore_time	 scheduler_switch
0	56693.79  	266.62    	47747.62  	438.43    	10207.27  	10916.43  	18.05     	
1	48671.80  	317.21    	55803.39  	503.20    	10127.36  	11750.06  	18.97     	
2	50322.44  	338.20    	54332.72  	491.28    	10071.47  	11746.13  	33.01     	
3	48921.84  	1133.98   	55443.03  	497.46    	10179.42  	11877.57  	31.28     	
4	69301.13  	7525.58   	34982.91  	359.54    	10204.45  	9864.24   	32.46     	
5	74863.15  	22665.35  	29984.14  	321.69    	10027.24  	9517.19   	30.21     	
6	77643.60  	20748.03  	26788.73  	285.11    	10184.12  	9038.58   	31.61     	
7	79797.99  	26737.45  	24594.78  	266.82    	10147.44  	8820.63   	31.28     	
8	81113.77  	23714.10  	22982.74  	252.74    	10309.69  	8949.49   	32.55     	
9	83055.59  	28773.58  	21683.96  	233.23    	9998.36   	8586.41   	31.08     	
10	83249.79  	3926.76   	20746.86  	229.61    	10460.10  	8736.23   	31.12     	
11	84605.45  	27212.07  	19898.41  	223.22    	10111.68  	8429.20   	30.92     	
12	85046.95  	20934.10  	19204.36  	214.36    	10391.32  	8502.77   	30.54     	
13	86238.52  	21180.36  	18563.37  	201.96    	10001.64  	8186.64   	30.29     	
14	86666.12  	16259.15  	17995.31  	199.50    	10032.77  	8227.43   	32.23     	
15	86878.67  	19943.91  	17544.54  	193.90    	10077.02  	8175.13   	31.47     	
16	87793.58  	16704.11  	17079.14  	192.25    	9995.43   	8154.95   	30.89     	
17	87795.50  	10957.54  	16750.69  	189.68    	10147.70  	8097.25   	29.64     	
18	88031.69  	6788.90   	16395.50  	189.42    	10197.09  	7928.29   	32.22     	
19	88169.27  	6636.27   	16083.36  	184.25    	10241.13  	8148.31   	31.00     	
20	88737.34  	1576.68   	15801.14  	176.89    	10133.63  	7913.96   	32.04     	
21	89099.04  	742.33    	15579.35  	180.02    	10056.86  	7823.86   	31.85     	
22	89098.95  	742.82    	15435.35  	184.25    	10150.75  	7791.69   	31.54     	
23	88725.81  	572.66    	15384.36  	182.06    	10544.35  	7988.88   	30.42     	
