Throughput: 176.0448204814321
AverageTotalTimeBreakdownReport
thread_id	 total_time	 stream_process	 txn_process	 overheads
0	136327.24 	21332.91  	113526.11 	1468.22   
1	136351.26 	20860.52  	113718.58 	1772.15   
2	136347.93 	21078.52  	113720.58 	1548.83   
3	136332.07 	21139.18  	113590.89 	1602.01   
4	136354.03 	20742.60  	114115.46 	1495.96   
5	136344.77 	21069.76  	113745.03 	1529.98   
6	136347.35 	21200.64  	113454.03 	1692.68   
7	136347.68 	20954.17  	113854.96 	1538.55   
8	136339.36 	20932.47  	113871.45 	1535.44   
9	136338.79 	20792.95  	114118.77 	1427.08   
10	136338.44 	20729.95  	114064.18 	1544.32   
11	136340.13 	20974.44  	113745.96 	1619.73   
12	136330.45 	21108.80  	113716.86 	1504.79   
13	136350.81 	20932.38  	113971.29 	1447.14   
14	136333.23 	21016.36  	113737.04 	1579.83   
15	136326.76 	20780.08  	113915.04 	1631.65   
16	136326.04 	20764.05  	114016.12 	1545.87   
17	136330.44 	21241.50  	113544.17 	1544.76   
18	136342.12 	20951.23  	113581.64 	1809.25   
19	136319.88 	21045.08  	113491.04 	1783.75   
20	136334.02 	20609.09  	114060.90 	1664.02   
21	136319.02 	20681.90  	114154.96 	1482.16   
22	136315.09 	21023.06  	113751.29 	1540.74   
23	136315.22 	20945.77  	113812.27 	1557.18   
phase_id	 throughput
0	259.3644  	
1	310.1991  	
2	461.8728  	
3	475.9610  	
4	338.2005  	
5	218.8289  	
6	160.9432  	
7	121.6754  	
8	125.3443  	
9	113.4837  	
10	105.1448  	
11	125.6261  	
12	159.1671  	
SchedulerTimeBreakdownReport
thread_id	 explore_time	 next_time	 useful_time	 notify_time	 construct_time	 first_explore_time	 scheduler_switch
0	64281.28  	255.78    	48147.60  	491.04    	16090.50  	11559.74  	21.49     	
1	56484.98  	302.58    	56275.10  	550.47    	15186.71  	12483.51  	32.79     	
2	57603.75  	316.46    	55026.92  	543.59    	15603.02  	12728.76  	31.39     	
3	56414.02  	1018.22   	56294.97  	524.42    	15452.63  	13005.49  	30.34     	
4	77644.60  	6802.53   	35370.86  	404.86    	15105.81  	10462.56  	32.85     	
5	82459.87  	23400.72  	30230.73  	362.98    	15646.93  	10209.22  	15.74     	
6	85347.37  	21314.70  	27062.92  	293.94    	15492.28  	9723.97   	31.88     	
7	88107.06  	27630.11  	24691.74  	262.23    	15171.93  	9478.44   	31.27     	
8	89696.25  	24548.63  	23104.94  	247.63    	15416.59  	9374.79   	32.42     	
9	91178.59  	29657.80  	21895.39  	317.42    	15346.48  	8993.78   	32.63     	
10	92152.17  	25892.55  	20918.09  	224.02    	15392.82  	9146.32   	31.55     	
11	92699.01  	28334.18  	19994.07  	259.32    	14963.19  	8597.28   	33.17     	
12	93355.24  	26259.74  	19399.14  	211.20    	15498.22  	9019.27   	31.56     	
13	94332.57  	23614.73  	18605.40  	205.88    	15131.69  	8808.84   	32.48     	
14	94614.56  	17698.27  	18128.78  	231.34    	15670.02  	8679.92   	31.84     	
15	95336.86  	20539.72  	17587.49  	227.76    	15318.14  	8679.65   	33.34     	
16	95833.38  	11837.37  	17206.09  	186.57    	15428.75  	8576.36   	32.99     	
17	95674.14  	12908.12  	16904.96  	187.62    	15463.72  	8702.10   	32.54     	
18	96064.97  	4813.60   	16455.76  	218.28    	15583.73  	8204.93   	33.14     	
19	96208.39  	8612.66   	16169.68  	180.76    	15603.76  	8224.72   	32.55     	
20	97085.72  	1665.58   	15883.49  	209.13    	15125.86  	8191.92   	31.46     	
21	97335.93  	882.20    	15732.86  	182.14    	15164.54  	8228.05   	32.66     	
22	97192.91  	725.26    	15460.50  	170.59    	15527.16  	8547.48   	32.27     	
23	97304.43  	563.99    	15469.18  	228.61    	15716.74  	8039.08   	30.55     	
