Throughput: 177.72807010099572
AverageTotalTimeBreakdownReport
thread_id	 total_time	 stream_process	 txn_process	 overheads
0	134911.15 	4638.18   	106229.38 	24043.58  
1	135108.87 	4650.67   	105441.96 	25016.23  
2	135072.11 	4707.25   	106868.50 	23496.36  
3	134831.80 	4657.12   	107048.02 	23126.66  
4	135090.75 	4671.84   	107267.63 	23151.27  
5	135080.33 	4687.30   	106971.60 	23421.42  
6	135100.32 	4646.55   	105167.63 	25286.14  
7	135054.76 	4629.74   	106524.90 	23900.12  
8	134122.14 	4602.17   	105578.52 	23941.45  
9	135022.38 	4637.61   	107435.93 	22948.83  
10	135064.01 	4688.69   	106827.87 	23547.45  
11	135066.09 	4697.14   	106756.47 	23612.48  
12	135010.27 	4634.00   	106880.73 	23495.54  
13	134891.64 	4615.92   	107629.47 	22646.25  
14	134987.68 	4641.17   	106895.06 	23451.45  
15	134041.81 	4609.77   	106963.90 	22468.14  
16	134947.31 	4695.94   	107188.08 	23063.29  
17	134932.64 	4626.43   	107311.04 	22995.17  
18	134766.32 	4615.47   	106874.29 	23276.56  
19	134793.43 	4595.72   	106735.38 	23462.34  
20	133912.48 	4552.51   	107019.31 	22340.66  
21	134293.64 	4597.02   	106867.96 	22828.65  
22	134883.67 	4691.65   	107000.26 	23191.77  
23	134888.84 	4680.30   	106759.47 	23449.06  
phase_id	 throughput
0	178.0056  	
SchedulerTimeBreakdownReport
thread_id	 explore_time	 next_time	 useful_time	 notify_time	 construct_time	 first_explore_time	 scheduler_switch
0	34493.31  	5621.81   	65387.41  	318.42    	18335.80  	5335.48   	0.00      	
1	35410.16  	4930.86   	63512.90  	350.13    	18221.66  	5399.75   	0.00      	
2	36440.53  	6340.46   	64102.67  	281.74    	18002.58  	5463.89   	0.00      	
3	38156.83  	6910.97   	62558.38  	333.13    	17667.39  	5492.07   	0.00      	
4	38152.37  	7562.19   	62749.88  	267.53    	17443.62  	5496.80   	0.00      	
5	35761.07  	6607.98   	64862.50  	272.24    	17829.00  	5476.27   	0.00      	
6	33498.00  	3151.81   	65137.48  	340.11    	19692.07  	5658.88   	0.00      	
7	35860.40  	8518.92   	64312.39  	274.43    	18313.93  	5343.43   	0.00      	
8	34745.66  	8183.41   	64486.45  	307.74    	18012.62  	5348.40   	0.00      	
9	37499.25  	8164.73   	63596.84  	265.65    	17475.17  	5573.89   	0.00      	
10	36926.02  	7919.72   	63559.85  	293.93    	17984.78  	5373.66   	0.00      	
11	37654.01  	8656.76   	62743.67  	277.31    	17202.71  	5330.34   	0.00      	
12	36110.25  	9135.50   	64422.13  	259.63    	18066.79  	5397.05   	0.00      	
13	37831.87  	10499.89  	63446.30  	285.73    	16322.43  	5558.92   	0.00      	
14	36744.15  	10601.45  	63787.89  	275.15    	17197.12  	5458.78   	0.00      	
15	36440.17  	11717.15  	64181.70  	268.42    	17742.52  	5450.83   	0.00      	
16	36284.57  	10783.44  	64564.40  	293.11    	17447.67  	5500.29   	0.00      	
17	36673.14  	10763.34  	64277.10  	246.13    	16873.34  	5505.29   	0.00      	
18	37551.78  	10900.07  	62952.80  	294.90    	17751.10  	5355.82   	0.00      	
19	37117.69  	9285.40   	63238.68  	296.76    	18023.56  	5327.99   	0.00      	
20	36649.70  	6328.02   	64039.28  	263.42    	17645.85  	5472.32   	0.00      	
21	35527.26  	7292.60   	64999.44  	305.94    	17358.62  	5408.62   	0.00      	
22	36948.94  	8105.64   	63730.73  	279.98    	17069.67  	5510.25   	0.00      	
23	36194.69  	8375.21   	64216.29  	289.12    	16960.94  	5359.17   	0.00      	
