Throughput: 59.778571298528576
AverageTotalTimeBreakdownReport
thread_id	 total_time	 stream_process	 txn_process	 overheads
0	401464.66 	4191.85   	375399.30 	21873.50  
1	401541.58 	4310.02   	376427.02 	20804.54  
2	400605.40 	3568.25   	376155.12 	20882.03  
3	400649.60 	3565.51   	376174.34 	20909.75  
4	401032.44 	4184.43   	376116.44 	20731.58  
5	401540.47 	4173.30   	376103.79 	21263.38  
6	400682.24 	3569.95   	376031.51 	21080.78  
7	401540.76 	4222.11   	375671.88 	21646.77  
8	401540.23 	4207.95   	375904.43 	21427.85  
9	401540.69 	4258.99   	376308.23 	20973.47  
10	400316.70 	3483.65   	376499.00 	20334.04  
11	400662.75 	3609.25   	373703.35 	23350.15  
12	401390.29 	4262.37   	376007.91 	21120.01  
13	401524.15 	4203.45   	376287.24 	21033.46  
14	401519.58 	4158.64   	374791.06 	22569.87  
15	401515.54 	4166.42   	376294.61 	21054.51  
16	401473.31 	4111.21   	374978.31 	22383.79  
17	400421.25 	3535.30   	376585.92 	20300.02  
18	401465.73 	4089.06   	376060.80 	21315.88  
19	400595.06 	3521.87   	375873.37 	21199.81  
20	401450.14 	4263.81   	375651.15 	21535.18  
21	401444.29 	4189.37   	376424.53 	20830.39  
22	400240.45 	3536.57   	374004.50 	22699.38  
23	400552.70 	3572.81   	375936.43 	21043.46  
phase_id	 throughput
0	59.8336   	
SchedulerTimeBreakdownReport
thread_id	 explore_time	 next_time	 useful_time	 notify_time	 construct_time	 first_explore_time	 scheduler_switch
0	214330.84 	88288.81  	156549.74 	209.94    	16071.77  	5022.78   	0.00      	
1	219489.81 	89314.66  	152471.54 	193.41    	15448.90  	5207.00   	0.00      	
2	217574.93 	84988.89  	154062.49 	196.13    	15608.84  	5121.09   	0.00      	
3	221431.18 	83358.44  	150255.20 	228.73    	15662.78  	5113.50   	0.00      	
4	220866.48 	79791.69  	150845.49 	217.78    	15663.27  	5088.02   	0.00      	
5	215843.24 	70341.38  	155769.21 	247.65    	15687.46  	5115.73   	0.00      	
6	215508.05 	60547.35  	156018.83 	234.79    	15741.30  	5108.31   	0.00      	
7	216624.56 	59591.54  	154572.29 	206.53    	16031.76  	5042.86   	0.00      	
8	216478.58 	43943.31  	155028.75 	250.70    	15815.01  	5098.78   	0.00      	
9	218898.15 	83992.81  	152921.71 	215.35    	15499.05  	5161.51   	0.00      	
10	219175.22 	83604.74  	152849.35 	193.95    	15550.37  	5226.61   	0.00      	
11	218519.90 	84648.19  	150721.32 	183.96    	17605.21  	5320.39   	0.00      	
12	216921.49 	80362.34  	154707.86 	210.66    	15698.57  	5085.67   	0.00      	
13	219527.81 	81919.52  	152271.66 	194.22    	15568.62  	5124.88   	0.00      	
14	216954.67 	83043.65  	153326.35 	211.00    	16750.02  	4970.77   	0.00      	
15	217592.06 	103803.49 	154263.86 	232.72    	15614.39  	5207.03   	0.00      	
16	215449.53 	104014.69 	154949.18 	234.61    	16691.87  	5002.52   	0.00      	
17	217582.97 	106093.68 	154519.71 	197.49    	15326.65  	5285.54   	0.00      	
18	220109.15 	109684.40 	151370.83 	208.46    	15807.29  	5081.09   	0.00      	
19	219338.32 	111728.57 	152003.13 	216.75    	15875.96  	5056.99   	0.00      	
20	216737.17 	127876.38 	154427.03 	194.35    	15846.92  	5036.74   	0.00      	
21	215772.83 	127854.85 	156168.85 	214.08    	15501.84  	5221.95   	0.00      	
22	215778.40 	129759.62 	153733.27 	222.26    	17379.12  	4982.25   	0.00      	
23	217028.61 	135853.05 	154385.97 	207.10    	15771.52  	5076.93   	0.00      	
