Throughput: 238.85883163817834
AverageTotalTimeBreakdownReport
thread_id	 total_time	 stream_process	 txn_process	 overheads
0	100422.64 	4859.90   	73372.26  	22190.48  
1	100450.47 	4922.43   	73374.57  	22153.47  
2	100329.46 	4879.12   	73838.71  	21611.63  
3	99653.28  	4841.99   	73500.00  	21311.30  
4	100450.17 	4863.28   	73480.38  	22106.51  
5	99593.87  	4815.34   	73558.08  	21220.45  
6	99624.52  	4874.45   	73191.25  	21558.83  
7	100450.37 	5310.69   	73371.43  	21768.25  
8	100450.18 	4855.49   	73716.76  	21877.92  
9	100449.63 	4762.15   	73916.37  	21771.11  
10	100448.87 	4912.20   	73959.86  	21576.81  
11	100353.97 	4900.86   	73690.29  	21762.82  
12	100450.61 	4860.61   	73452.23  	22137.77  
13	99634.29  	4841.57   	73944.30  	20848.42  
14	100445.33 	4879.52   	73562.11  	22003.69  
15	100442.34 	4842.08   	74028.13  	21572.13  
16	100335.58 	4723.75   	74415.62  	21196.22  
17	100421.77 	4841.70   	73610.51  	21969.57  
18	99576.01  	4817.71   	73410.39  	21347.90  
19	100195.37 	4864.05   	73254.85  	22076.46  
20	100395.68 	4834.74   	74197.35  	21363.59  
21	100388.43 	4868.33   	73580.63  	21939.47  
22	100318.20 	4871.16   	74178.22  	21268.81  
23	100303.14 	4864.35   	73272.48  	22166.30  
phase_id	 throughput
0	239.4454  	
SchedulerTimeBreakdownReport
thread_id	 explore_time	 next_time	 useful_time	 notify_time	 construct_time	 first_explore_time	 scheduler_switch
0	32612.18  	5248.08   	34922.45  	335.27    	16148.95  	6830.16   	0.00      	
1	33410.98  	5758.43   	34116.94  	321.35    	15758.96  	6812.99   	0.00      	
2	33558.48  	5568.49   	34427.37  	334.93    	15448.82  	6985.69   	0.00      	
3	34013.18  	6218.04   	33644.59  	315.28    	16070.02  	6813.38   	0.00      	
4	33884.78  	6721.08   	33750.70  	310.34    	16194.01  	6812.03   	0.00      	
5	32959.46  	6969.07   	34776.65  	340.22    	15990.27  	6854.12   	0.00      	
6	32520.80  	6056.80   	34861.03  	343.43    	15936.77  	7027.58   	0.00      	
7	33100.10  	5855.16   	34469.37  	318.49    	15784.38  	6826.16   	0.00      	
8	33277.42  	5932.54   	34605.23  	345.76    	15888.73  	6952.14   	0.00      	
9	33957.39  	5992.10   	34109.46  	339.82    	15740.49  	6956.76   	0.00      	
10	33905.74  	6051.04   	34176.83  	329.05    	15776.86  	6962.61   	0.00      	
11	34185.36  	6533.49   	33683.71  	309.91    	15539.29  	6876.89   	0.00      	
12	33047.06  	6730.96   	34575.27  	307.83    	16179.63  	6831.18   	0.00      	
13	34107.41  	6671.90   	33999.70  	323.65    	15305.27  	6957.77   	0.00      	
14	33482.19  	6488.12   	34244.06  	313.49    	16054.12  	6830.51   	0.00      	
15	33604.33  	5394.04   	34572.07  	317.77    	15775.48  	6968.09   	0.00      	
16	34009.87  	4005.84   	34551.36  	308.75    	14915.68  	6998.89   	0.00      	
17	33141.13  	2624.50   	34603.58  	311.15    	15557.65  	6894.08   	0.00      	
18	33764.02  	3469.94   	33854.19  	297.34    	16077.82  	6810.26   	0.00      	
19	33513.20  	4477.06   	33917.72  	298.39    	15819.19  	6799.11   	0.00      	
20	33966.71  	4382.92   	34391.80  	305.47    	15494.51  	6976.46   	0.00      	
21	32910.56  	4774.81   	34850.59  	291.06    	15993.98  	6847.02   	0.00      	
22	34168.21  	5982.42   	34169.01  	278.31    	15565.92  	6997.33   	0.00      	
23	32931.86  	7198.31   	34506.51  	302.91    	16269.78  	6805.44   	0.00      	
