Throughput: 377.3276236572604
AverageTotalTimeBreakdownReport
thread_id	 total_time	 stream_process	 txn_process	 overheads
0	63508.39  	4588.65   	37450.27  	21469.47  
1	62848.11  	4399.17   	37752.58  	20696.36  
2	63536.15  	4803.33   	38165.82  	20567.01  
3	63537.95  	4792.35   	38088.58  	20657.01  
4	63333.16  	4712.94   	37364.21  	21256.01  
5	63479.49  	4628.27   	37700.40  	21150.82  
6	63537.33  	4631.17   	37128.41  	21777.75  
7	63532.03  	4706.49   	37331.07  	21494.47  
8	63172.20  	4687.72   	37769.90  	20714.58  
9	62851.25  	4712.79   	37682.88  	20455.58  
10	63459.99  	4656.26   	37302.53  	21501.20  
11	62769.74  	4392.56   	37346.03  	21031.15  
12	62766.87  	4645.81   	37215.14  	20905.92  
13	62713.21  	4437.84   	37398.00  	20877.38  
14	62663.05  	4507.24   	37015.59  	21140.22  
15	63331.90  	4740.83   	36801.20  	21789.87  
16	63323.51  	4737.97   	37726.09  	20859.45  
17	63370.20  	4709.87   	37026.87  	21633.46  
18	63307.61  	4690.50   	36830.53  	21786.58  
19	63352.18  	4736.28   	37164.83  	21451.07  
20	62707.98  	4710.46   	37550.10  	20447.43  
21	63338.05  	4722.60   	37650.48  	20964.97  
22	63243.27  	4643.07   	38288.16  	20312.04  
23	62627.87  	4622.38   	37029.96  	20975.52  
phase_id	 throughput
0	379.8792  	
SchedulerTimeBreakdownReport
thread_id	 explore_time	 next_time	 useful_time	 notify_time	 construct_time	 first_explore_time	 scheduler_switch
0	25178.97  	856.86    	7700.58   	657.22    	16127.59  	8024.99   	0.00      	
1	25709.75  	1005.97   	7370.88   	696.58    	15964.55  	8029.61   	0.00      	
2	26193.85  	1126.11   	7394.33   	625.07    	15582.63  	8151.27   	0.00      	
3	26202.59  	1249.63   	7300.44   	645.60    	15733.03  	8136.96   	0.00      	
4	25571.00  	1205.54   	7290.46   	571.21    	16177.64  	8002.82   	0.00      	
5	25542.00  	638.56    	7500.60   	698.31    	15859.80  	8030.10   	0.00      	
6	25054.54  	568.73    	7402.66   	687.39    	16429.05  	8000.88   	0.00      	
7	25456.23  	909.13    	7315.85   	543.27    	16241.39  	8001.71   	0.00      	
8	25755.37  	895.74    	7352.97   	626.23    	15976.91  	8099.70   	0.00      	
9	25970.15  	954.29    	7142.85   	598.37    	15896.37  	8084.37   	0.00      	
10	25644.80  	1004.02   	7073.27   	567.62    	16327.67  	7976.01   	0.00      	
11	25626.28  	1213.04   	7047.06   	545.30    	16317.23  	7993.25   	0.00      	
12	25407.76  	1074.88   	7248.70   	693.05    	16342.90  	7990.51   	0.00      	
13	25889.31  	976.55    	6916.23   	629.48    	16030.71  	8004.83   	0.00      	
14	25347.33  	844.81    	7089.27   	689.88    	16411.39  	7966.95   	0.00      	
15	25199.05  	1084.35   	7029.21   	638.93    	16493.06  	7967.60   	0.00      	
16	25965.00  	1190.68   	7168.96   	608.44    	15754.04  	8108.93   	0.00      	
17	25455.83  	1482.49   	6993.37   	523.64    	16436.33  	7992.74   	0.00      	
18	25279.47  	1310.15   	6898.60   	559.65    	16580.23  	8168.81   	0.00      	
19	25544.94  	1220.07   	7010.76   	515.58    	16310.10  	7984.59   	0.00      	
20	25847.54  	696.96    	7164.97   	677.35    	15967.44  	8034.74   	0.00      	
21	26062.40  	424.25    	7035.18   	656.50    	15981.93  	8089.93   	0.00      	
22	26677.34  	792.43    	7003.00   	603.23    	15557.97  	8146.51   	0.00      	
23	25089.24  	896.52    	7357.94   	629.07    	16335.61  	7967.59   	0.00      	
