Throughput: 345.9968723605965
AverageTotalTimeBreakdownReport
thread_id	 total_time	 stream_process	 txn_process	 overheads
0	68903.57  	3475.36   	43943.47  	21484.74  
1	69172.75  	3816.83   	44816.02  	20539.90  
2	68866.55  	3490.09   	44765.01  	20611.45  
3	68928.40  	3495.71   	44229.05  	21203.64  
4	69167.71  	3804.38   	44023.16  	21340.17  
5	68935.35  	3585.30   	44029.88  	21320.16  
6	68883.23  	3342.10   	42847.95  	22693.18  
7	69153.78  	3775.08   	43913.75  	21464.95  
8	68019.49  	3313.39   	43754.81  	20951.29  
9	68739.10  	3363.13   	44540.89  	20835.08  
10	68851.16  	3337.34   	44162.30  	21351.53  
11	68866.20  	3443.04   	44208.37  	21214.79  
12	68339.46  	3280.68   	44016.91  	21041.87  
13	69052.02  	3885.20   	44251.03  	20915.78  
14	68709.91  	3364.93   	44176.30  	21168.68  
15	69053.21  	3779.41   	44064.61  	21209.19  
16	68761.56  	3341.22   	44291.99  	21128.35  
17	68787.64  	3416.69   	44055.11  	21315.84  
18	69022.83  	3727.93   	43013.49  	22281.41  
19	69021.01  	3857.85   	42545.40  	22617.76  
20	69007.77  	3723.40   	42660.11  	22624.26  
21	68924.05  	3809.99   	44221.92  	20892.14  
22	67921.06  	3291.96   	44857.00  	19772.10  
23	68723.05  	3271.83   	43058.21  	22393.01  
phase_id	 throughput
0	348.7155  	
SchedulerTimeBreakdownReport
thread_id	 explore_time	 next_time	 useful_time	 notify_time	 construct_time	 first_explore_time	 scheduler_switch
0	31526.89  	648.83    	6553.63   	630.41    	15152.15  	6833.72   	0.00      	
1	32665.19  	1270.80   	6188.64   	611.75    	14538.11  	7315.72   	0.00      	
2	32795.54  	1267.22   	6097.26   	678.68    	14654.21  	7339.39   	0.00      	
3	32490.79  	1698.96   	5861.92   	632.61    	14916.76  	7294.49   	0.00      	
4	32260.99  	2374.39   	5801.22   	579.50    	15159.40  	6811.07   	0.00      	
5	32195.89  	2377.53   	5952.30   	602.43    	15094.97  	6845.67   	0.00      	
6	30755.03  	1346.43   	6099.83   	589.41    	16236.18  	6827.24   	0.00      	
7	31928.83  	1221.07   	6041.89   	476.62    	15293.71  	6794.97   	0.00      	
8	31539.30  	1233.07   	6283.14   	518.91    	15444.84  	6804.65   	0.00      	
9	32447.16  	1834.22   	6143.17   	478.77    	14809.31  	7306.89   	0.00      	
10	31563.83  	651.63    	6619.39   	658.73    	15173.72  	6831.35   	0.00      	
11	31958.99  	1960.77   	6287.89   	607.18    	14965.55  	6841.11   	0.00      	
12	31376.24  	1482.36   	6686.84   	649.46    	15286.14  	6800.15   	0.00      	
13	32075.95  	1512.47   	6292.18   	586.43    	14912.95  	7325.21   	0.00      	
14	31844.03  	1796.11   	6365.56   	649.02    	15189.17  	6845.95   	0.00      	
15	31898.87  	1525.45   	6207.88   	620.46    	15054.29  	6819.81   	0.00      	
16	32103.18  	1230.55   	6234.49   	677.72    	15003.51  	7300.74   	0.00      	
17	31961.93  	1711.74   	6131.35   	624.18    	15302.28  	6831.86   	0.00      	
18	30816.35  	1096.14   	6234.66   	635.15    	16079.09  	6787.15   	0.00      	
19	30578.99  	532.26    	6095.68   	628.02    	16269.46  	7474.91   	0.00      	
20	30808.39  	1438.04   	5890.83   	616.68    	16273.82  	6779.97   	0.00      	
21	32199.55  	757.82    	6140.70   	639.69    	14857.96  	7303.27   	0.00      	
22	32804.70  	1146.77   	6090.34   	550.00    	14703.10  	7457.57   	0.00      	
23	30045.91  	1622.02   	6947.54   	666.21    	16055.45  	6890.30   	0.00      	
