Throughput: 290.24716109435974
AverageTotalTimeBreakdownReport
thread_id	 total_time	 stream_process	 txn_process	 overheads
0	82454.75  	4391.55   	56340.56  	21722.64  
1	82311.65  	3996.07   	56927.80  	21387.77  
2	82729.68  	4292.26   	56811.19  	21626.24  
3	82540.84  	4378.90   	57043.41  	21118.52  
4	82726.47  	4314.00   	56577.02  	21835.45  
5	82726.99  	4326.12   	56404.63  	21996.24  
6	82547.25  	4379.02   	56489.47  	21678.76  
7	82596.62  	4403.56   	56311.58  	21881.48  
8	82729.78  	4328.41   	56806.53  	21594.84  
9	82725.34  	4323.27   	57093.50  	21308.58  
10	82287.24  	3985.97   	56866.08  	21435.19  
11	82715.38  	4288.05   	57169.56  	21257.77  
12	82700.77  	4290.94   	56887.32  	21522.51  
13	82695.87  	4347.83   	56723.48  	21624.56  
14	82651.26  	4243.19   	56836.99  	21571.08  
15	82510.34  	4388.50   	56667.76  	21454.07  
16	82437.51  	4439.73   	56657.93  	21339.85  
17	82632.04  	4321.23   	56733.43  	21577.39  
18	82165.50  	3889.53   	57064.04  	21211.94  
19	82504.50  	4306.13   	56937.01  	21261.35  
20	82594.68  	4481.44   	56760.83  	21352.40  
21	82386.01  	4350.25   	56983.10  	21052.66  
22	82545.70  	4302.67   	56926.92  	21316.10  
23	82105.69  	4085.65   	56971.89  	21048.14  
phase_id	 throughput
0	290.7604  	
SchedulerTimeBreakdownReport
thread_id	 explore_time	 next_time	 useful_time	 notify_time	 construct_time	 first_explore_time	 scheduler_switch
0	32323.18  	5180.07   	19271.46  	461.49    	17051.73  	6614.37   	0.00      	
1	33323.26  	4562.03   	18670.19  	506.09    	16773.80  	6656.04   	0.00      	
2	32988.56  	4782.04   	18852.70  	455.72    	16786.07  	6612.61   	0.00      	
3	33810.71  	4267.61   	18378.25  	527.37    	16621.49  	6765.12   	0.00      	
4	33108.63  	3853.87   	18441.48  	410.35    	17001.87  	6588.57   	0.00      	
5	32271.39  	4688.25   	19111.44  	493.16    	17253.20  	6810.74   	0.00      	
6	32605.06  	4532.56   	19121.71  	500.58    	16927.47  	6623.90   	0.00      	
7	32536.38  	4522.19   	18932.60  	419.31    	17126.69  	6584.18   	0.00      	
8	32932.97  	4547.16   	18866.46  	514.68    	16889.90  	6641.02   	0.00      	
9	33532.83  	5730.06   	18572.83  	505.73    	16684.40  	6740.64   	0.00      	
10	33179.07  	5019.01   	18669.40  	465.04    	16809.78  	6626.26   	0.00      	
11	33730.45  	5571.00   	18414.45  	402.87    	16647.66  	6764.87   	0.00      	
12	32989.77  	5185.75   	18963.45  	534.58    	16891.40  	6637.68   	0.00      	
13	33030.34  	4910.40   	18666.50  	480.59    	16918.56  	6611.90   	0.00      	
14	32967.90  	4332.17   	18802.19  	496.24    	16966.68  	6606.22   	0.00      	
15	32881.45  	4718.19   	18918.39  	505.54    	16759.97  	6617.79   	0.00      	
16	32889.00  	4516.37   	18934.42  	433.44    	16652.08  	6629.64   	0.00      	
17	32764.87  	4719.66   	19002.40  	534.97    	16582.26  	6603.85   	0.00      	
18	33476.30  	4514.31   	18557.65  	554.13    	16748.28  	6716.74   	0.00      	
19	33290.67  	4568.85   	18668.91  	472.92    	16787.63  	6657.93   	0.00      	
20	33143.26  	4484.93   	18818.21  	424.48    	16797.97  	6644.22   	0.00      	
21	33049.06  	5590.39   	19162.56  	533.08    	16587.42  	6753.05   	0.00      	
22	33168.39  	5715.41   	18725.73  	505.95    	16877.18  	6647.74   	0.00      	
23	33195.19  	6041.76   	18933.87  	424.03    	16726.24  	6754.46   	0.00      	
