Throughput: 119.3298442936452
AverageTotalTimeBreakdownReport
thread_id	 total_time	 stream_process	 txn_process	 overheads
0	201015.29 	4379.11   	175059.20 	21576.98  
1	200803.95 	4189.15   	175051.04 	21563.76  
2	201037.33 	4262.03   	175517.06 	21258.24  
3	200815.30 	4035.99   	175118.68 	21660.63  
4	200878.70 	4097.28   	175479.87 	21301.54  
5	201033.68 	4322.67   	175123.39 	21587.62  
6	201038.06 	4320.18   	175377.79 	21340.09  
7	201033.31 	4319.61   	175007.89 	21705.81  
8	200804.37 	4044.36   	175613.37 	21146.64  
9	200851.82 	4023.78   	175802.25 	21025.80  
10	199867.08 	3989.89   	175162.00 	20715.19  
11	201035.36 	4367.65   	174343.16 	22324.55  
12	200925.40 	4056.42   	175318.55 	21550.43  
13	200899.65 	4080.30   	175323.31 	21496.04  
14	201032.80 	4291.33   	175165.31 	21576.17  
15	200910.21 	4055.57   	176061.41 	20793.24  
16	200888.54 	4006.27   	175865.51 	21016.76  
17	200941.18 	4164.11   	175526.20 	21250.86  
18	200882.53 	4083.25   	175174.60 	21624.68  
19	201030.14 	4309.64   	175252.83 	21467.67  
20	200809.71 	3961.16   	176092.97 	20755.58  
21	201001.62 	4214.19   	175995.80 	20791.63  
22	200768.14 	3980.77   	175890.31 	20897.06  
23	200766.06 	4096.69   	175290.10 	21379.28  
phase_id	 throughput
0	119.4757  	
SchedulerTimeBreakdownReport
thread_id	 explore_time	 next_time	 useful_time	 notify_time	 construct_time	 first_explore_time	 scheduler_switch
0	44550.73  	7047.39   	125740.17 	221.83    	15646.15  	6676.97   	0.00      	
1	47655.77  	8134.07   	122615.84 	294.71    	15612.02  	6660.54   	0.00      	
2	46856.25  	8835.77   	123876.26 	220.90    	15450.76  	6757.43   	0.00      	
3	49539.22  	9954.71   	120790.65 	311.29    	15564.13  	6662.01   	0.00      	
4	49447.83  	10440.50  	121270.51 	223.29    	15445.56  	6731.15   	0.00      	
5	44836.51  	8846.47   	125533.00 	217.47    	15629.44  	6686.37   	0.00      	
6	45177.94  	8664.92   	125434.87 	222.55    	15535.35  	6756.40   	0.00      	
7	45964.34  	10751.33  	124274.21 	211.96    	15760.85  	6665.60   	0.00      	
8	46345.20  	10131.11  	124521.90 	297.49    	15344.04  	6782.89   	0.00      	
9	48116.14  	10719.08  	122899.96 	212.03    	15164.77  	6839.93   	0.00      	
10	47511.09  	11229.53  	122865.02 	296.39    	15836.73  	6674.06   	0.00      	
11	48328.74  	11400.26  	121239.09 	252.37    	16303.69  	6880.24   	0.00      	
12	46126.37  	10425.15  	124386.20 	227.45    	15657.59  	6704.20   	0.00      	
13	47079.68  	12957.80  	123454.87 	208.21    	15483.88  	6719.86   	0.00      	
14	47131.52  	12966.10  	123255.44 	303.10    	15701.72  	6691.27   	0.00      	
15	47183.47  	12980.72  	124098.49 	274.15    	15148.76  	6868.85   	0.00      	
16	46420.21  	13246.58  	124639.55 	249.40    	15191.29  	6853.81   	0.00      	
17	46394.52  	13275.50  	124343.47 	211.86    	15522.78  	6765.49   	0.00      	
18	48658.89  	15465.24  	121736.28 	206.66    	15607.36  	6688.43   	0.00      	
19	48282.70  	13984.91  	122213.88 	211.37    	15699.66  	6703.48   	0.00      	
20	47436.92  	10630.98  	123871.65 	269.33    	15053.63  	6871.59   	0.00      	
21	45658.96  	7964.39   	125561.74 	237.31    	15040.32  	6872.73   	0.00      	
22	48009.93  	8993.35   	123093.40 	207.03    	15273.53  	6855.94   	0.00      	
23	46424.96  	9354.17   	124087.09 	197.21    	15544.83  	6721.38   	0.00      	
