Throughput: 388.59978215168314
AverageTotalTimeBreakdownReport
thread_id	 total_time	 stream_process	 txn_process	 overheads
0	61160.86  	3984.04   	36483.19  	20693.63  
1	61754.09  	4485.07   	36738.28  	20530.74  
2	61210.48  	3992.05   	36900.49  	20317.95  
3	61755.43  	4435.42   	34677.47  	22642.53  
4	61758.10  	4427.09   	34721.33  	22609.69  
5	60997.88  	3917.70   	35838.11  	21242.08  
6	61484.46  	4355.29   	36935.94  	20193.24  
7	61702.90  	4376.57   	36011.98  	21314.36  
8	61752.35  	4531.94   	37237.50  	19982.90  
9	61743.47  	4446.42   	37202.76  	20094.29  
10	61510.62  	4390.55   	36786.68  	20333.39  
11	61613.02  	4371.55   	37364.81  	19876.66  
12	60943.84  	3806.99   	36987.68  	20149.18  
13	61605.81  	4381.29   	36718.64  	20505.88  
14	60884.62  	3794.27   	36958.37  	20131.98  
15	61645.15  	4519.84   	36795.63  	20329.68  
16	61435.48  	4401.12   	36716.40  	20317.96  
17	61084.18  	3851.29   	36892.78  	20340.10  
18	61576.36  	4356.35   	36799.73  	20420.28  
19	61622.52  	4536.45   	36686.63  	20399.44  
20	61401.08  	4342.74   	36839.33  	20219.01  
21	61395.85  	4393.65   	37291.61  	19710.58  
22	61293.88  	4402.52   	36446.52  	20444.85  
23	60823.04  	3869.55   	36717.66  	20235.84  
phase_id	 throughput
0	390.7414  	
SchedulerTimeBreakdownReport
thread_id	 explore_time	 next_time	 useful_time	 notify_time	 construct_time	 first_explore_time	 scheduler_switch
0	23900.68  	1255.25   	7863.46   	557.08    	15749.24  	5548.51   	0.00      	
1	24405.82  	1066.93   	7635.78   	569.05    	15713.38  	5551.35   	0.00      	
2	24467.30  	1019.05   	7682.97   	482.89    	15586.42  	5571.89   	0.00      	
3	22099.67  	1332.48   	7835.20   	478.93    	17212.60  	5756.26   	0.00      	
4	21975.18  	945.07    	8027.91   	412.12    	17122.70  	5615.55   	0.00      	
5	22637.41  	1032.88   	8538.04   	444.43    	16356.37  	5480.27   	0.00      	
6	22453.57  	418.66    	9806.56   	559.68    	15663.25  	5662.01   	0.00      	
7	21746.63  	459.20    	9468.51   	559.55    	16405.25  	5632.51   	0.00      	
8	23609.79  	850.80    	8980.71   	541.06    	15309.43  	5680.27   	0.00      	
9	23822.78  	1062.18   	8655.19   	547.38    	15443.21  	5659.32   	0.00      	
10	23632.35  	886.72    	8486.93   	552.84    	15788.26  	5552.74   	0.00      	
11	24233.52  	930.91    	8397.16   	498.63    	15399.83  	5699.49   	0.00      	
12	23552.19  	1044.44   	8664.63   	539.95    	15655.89  	5579.40   	0.00      	
13	23324.79  	1268.96   	8635.95   	537.04    	15806.61  	5507.95   	0.00      	
14	22791.74  	1008.98   	9431.76   	547.06    	15583.09  	5654.64   	0.00      	
15	23448.76  	1427.98   	8587.27   	509.92    	15629.82  	5544.72   	0.00      	
16	22729.36  	948.60    	9257.76   	493.20    	15738.94  	5523.03   	0.00      	
17	23593.46  	1145.68   	8574.87   	490.48    	15689.29  	5589.25   	0.00      	
18	23064.74  	942.63    	8990.31   	560.47    	15787.18  	5567.30   	0.00      	
19	23719.03  	1091.14   	8215.09   	545.16    	15708.00  	5512.98   	0.00      	
20	24026.61  	900.74    	8105.35   	497.83    	15740.07  	5562.02   	0.00      	
21	23845.76  	1282.66   	8789.28   	466.40    	15395.42  	5721.69   	0.00      	
22	23974.31  	1249.55   	7839.46   	468.83    	15961.88  	5490.98   	0.00      	
23	23331.95  	1080.14   	8684.59   	541.55    	15645.74  	5538.50   	0.00      	
