Throughput: 408.01562568356957
AverageTotalTimeBreakdownReport
thread_id	 total_time	 stream_process	 txn_process	 overheads
0	58744.17  	4415.31   	32000.98  	22327.88  
1	58787.44  	4174.56   	31418.06  	23194.82  
2	58777.98  	4171.17   	32479.72  	22127.08  
3	58658.13  	4362.11   	32275.67  	22020.35  
4	58632.00  	4281.50   	32501.21  	21849.29  
5	58735.86  	4494.40   	29620.21  	24621.26  
6	58708.50  	4306.63   	32518.78  	21883.09  
7	58708.99  	4360.99   	30563.36  	23784.65  
8	58555.16  	4359.68   	32679.16  	21516.33  
9	58781.38  	4160.68   	32565.71  	22054.99  
10	58628.71  	4249.22   	32468.45  	21911.04  
11	58630.60  	4231.89   	32549.96  	21848.74  
12	58623.19  	4237.45   	32483.98  	21901.76  
13	58540.96  	4391.90   	31571.64  	22577.43  
14	58755.77  	4133.40   	31962.62  	22659.75  
15	58755.90  	4150.27   	32995.96  	21609.67  
16	58605.57  	4217.45   	32727.71  	21660.40  
17	58747.03  	4185.26   	32454.63  	22107.15  
18	58580.72  	4221.17   	32673.71  	21685.84  
19	58454.68  	4062.55   	30572.29  	23819.84  
20	58666.77  	4163.45   	31703.74  	22799.57  
21	58669.39  	4043.16   	32890.50  	21735.73  
22	58648.47  	4345.20   	32640.05  	21663.22  
23	58648.34  	4129.91   	32180.76  	22337.66  
phase_id	 throughput
0	409.0785  	
SchedulerTimeBreakdownReport
thread_id	 explore_time	 next_time	 useful_time	 notify_time	 construct_time	 first_explore_time	 scheduler_switch
0	18688.20  	563.28    	8369.44   	320.93    	16107.18  	7274.44   	0.00      	
1	18219.41  	668.91    	8032.12   	389.28    	16865.72  	7227.38   	0.00      	
2	19433.27  	831.68    	7891.54   	321.96    	15937.14  	7307.73   	0.00      	
3	19471.30  	1117.24   	7873.55   	293.08    	15975.57  	7304.74   	0.00      	
4	19532.40  	1121.42   	7779.25   	287.48    	15958.13  	7283.07   	0.00      	
5	15799.42  	745.27    	8765.82   	388.18    	18359.66  	7554.28   	0.00      	
6	19515.74  	1404.10   	8021.60   	342.81    	15940.40  	7420.24   	0.00      	
7	17576.69  	1425.48   	8053.24   	333.21    	17408.75  	7221.16   	0.00      	
8	19701.94  	1384.33   	7974.67   	389.51    	15767.39  	7458.96   	0.00      	
9	19632.15  	1474.33   	7773.26   	335.96    	15906.33  	7328.95   	0.00      	
10	19404.42  	1323.53   	7908.25   	397.40    	16026.27  	7269.03   	0.00      	
11	19562.21  	1380.59   	7826.38   	357.82    	15933.07  	7333.41   	0.00      	
12	19552.35  	1423.76   	7783.17   	358.00    	15925.20  	7311.07   	0.00      	
13	19032.08  	1564.83   	7570.21   	293.94    	16503.22  	7229.54   	0.00      	
14	19421.66  	1658.94   	7391.75   	377.43    	16425.21  	7241.85   	0.00      	
15	20696.05  	2029.77   	7122.02   	316.69    	15683.81  	7466.90   	0.00      	
16	20392.53  	2155.62   	7181.03   	297.43    	15908.18  	7431.68   	0.00      	
17	19996.85  	1991.42   	7318.81   	327.17    	15968.44  	7285.49   	0.00      	
18	20425.56  	1821.93   	7121.02   	245.80    	15907.00  	7407.38   	0.00      	
19	17277.44  	327.45    	7955.20   	362.67    	17977.01  	7319.35   	0.00      	
20	19121.67  	1116.28   	7452.41   	338.60    	16591.40  	7233.43   	0.00      	
21	19022.90  	387.44    	8629.12   	383.96    	15789.10  	7448.18   	0.00      	
22	19702.27  	649.22    	8018.50   	386.38    	15815.76  	7449.23   	0.00      	
23	18972.78  	736.74    	8047.09   	343.72    	16250.91  	7255.36   	0.00      	
