Throughput: 135.5272851572448
AverageTotalTimeBreakdownReport
thread_id	 total_time	 stream_process	 txn_process	 overheads
0	177006.45 	4943.30   	149010.38 	23052.77  
1	177090.52 	4979.51   	149306.84 	22804.17  
2	176670.06 	4807.19   	149636.73 	22226.14  
3	177093.11 	4873.01   	149152.91 	23067.18  
4	176987.70 	4993.29   	149168.34 	22826.07  
5	176590.05 	4717.33   	149325.63 	22547.10  
6	177093.72 	4913.07   	149442.24 	22738.41  
7	177093.10 	4875.84   	149074.53 	23142.72  
8	177084.51 	4883.59   	149712.40 	22488.52  
9	176989.69 	4864.56   	149753.30 	22371.83  
10	177071.43 	4925.18   	149853.93 	22292.32  
11	177067.33 	4820.57   	149570.38 	22676.39  
12	177014.58 	4821.18   	149830.01 	22363.39  
13	176508.81 	4614.09   	149196.00 	22698.71  
14	177000.69 	4859.61   	149316.10 	22824.99  
15	176530.35 	4819.04   	149647.74 	22063.57  
16	176933.06 	4836.33   	149460.00 	22636.73  
17	176929.94 	4877.78   	148871.58 	23180.58  
18	176917.03 	4884.57   	149455.26 	22577.20  
19	176862.50 	4847.60   	149312.71 	22702.20  
20	176858.93 	4942.63   	149280.70 	22635.60  
21	176466.18 	4852.76   	149653.94 	21959.48  
22	176392.99 	4845.07   	149966.49 	21581.43  
23	176828.79 	4987.08   	149540.50 	22301.21  
phase_id	 throughput
0	135.6867  	
SchedulerTimeBreakdownReport
thread_id	 explore_time	 next_time	 useful_time	 notify_time	 construct_time	 first_explore_time	 scheduler_switch
0	48792.76  	8092.55   	95035.76  	283.55    	17180.28  	5596.86   	0.00      	
1	51641.95  	10363.98  	92660.80  	305.20    	16970.80  	5608.04   	0.00      	
2	50885.25  	9926.02   	93672.05  	257.58    	16607.66  	5653.75   	0.00      	
3	52596.20  	11782.92  	91376.25  	294.03    	17162.37  	5586.32   	0.00      	
4	52389.61  	13228.34  	91694.09  	231.95    	17067.47  	5585.44   	0.00      	
5	49491.71  	11963.39  	94675.24  	239.19    	16936.32  	5617.78   	0.00      	
6	49482.69  	12609.93  	94814.97  	286.80    	16916.22  	5622.64   	0.00      	
7	50048.39  	13665.72  	93943.93  	238.42    	17089.02  	5573.48   	0.00      	
8	50428.40  	14093.77  	94129.19  	342.24    	16734.44  	5741.05   	0.00      	
9	51692.02  	15522.46  	92930.63  	328.75    	16743.19  	5728.67   	0.00      	
10	51831.56  	15153.52  	92862.29  	245.86    	16679.79  	5780.28   	0.00      	
11	52791.97  	15070.65  	91621.56  	334.78    	16925.60  	5637.24   	0.00      	
12	50782.10  	13441.68  	94003.04  	371.16    	16794.08  	5741.25   	0.00      	
13	51587.56  	11926.95  	92513.85  	323.20    	17043.87  	5589.21   	0.00      	
14	50961.85  	8667.07   	93179.61  	350.05    	17104.99  	5607.05   	0.00      	
15	50948.51  	7774.57   	93661.93  	331.99    	16661.80  	5654.57   	0.00      	
16	50276.17  	8249.89   	94116.18  	292.25    	16906.89  	5627.08   	0.00      	
17	49702.41  	8782.55   	94002.87  	261.88    	17467.65  	5808.25   	0.00      	
18	52407.66  	9118.94   	91891.23  	339.51    	17028.34  	5634.22   	0.00      	
19	51748.01  	8961.41   	92397.88  	313.95    	17010.65  	5609.18   	0.00      	
20	50522.45  	8721.22   	93574.68  	298.24    	16944.47  	5607.69   	0.00      	
21	49544.31  	9047.93   	94973.93  	219.23    	16759.13  	5724.34   	0.00      	
22	51766.06  	10863.11  	93074.80  	225.22    	16544.30  	5802.26   	0.00      	
23	50725.46  	11132.51  	93782.06  	258.46    	16773.01  	5634.25   	0.00      	
