Throughput: 360.0943795412519
AverageTotalTimeBreakdownReport
thread_id	 total_time	 stream_process	 txn_process	 overheads
0	66562.99  	3538.18   	41669.95  	21354.87  
1	66497.60  	3268.38   	41565.74  	21663.48  
2	66509.37  	3261.89   	41813.57  	21433.91  
3	66509.16  	3270.34   	42030.33  	21208.49  
4	66420.47  	3169.62   	41692.58  	21558.27  
5	66363.62  	3201.26   	41936.60  	21225.76  
6	65834.60  	3174.70   	41605.69  	21054.21  
7	66267.79  	3137.26   	41911.56  	21218.97  
8	66406.69  	3219.07   	42053.17  	21134.45  
9	66588.01  	3514.92   	42078.76  	20994.33  
10	66438.95  	3136.75   	40462.69  	22839.52  
11	66584.29  	3440.40   	41868.90  	21274.99  
12	66479.42  	3165.96   	41531.75  	21781.71  
13	66369.06  	3122.76   	41790.41  	21455.89  
14	66571.44  	3470.81   	41527.39  	21573.24  
15	66284.97  	3109.06   	41803.72  	21372.19  
16	66557.42  	3474.29   	42115.37  	20967.77  
17	66465.73  	3056.46   	42212.30  	21196.98  
18	66210.03  	3184.01   	40171.97  	22854.06  
19	66420.28  	3290.29   	40974.66  	22155.33  
20	66379.28  	3246.36   	41205.37  	21927.55  
21	66491.97  	3491.65   	40050.06  	22950.26  
22	66349.97  	3242.87   	40919.09  	22188.01  
23	66395.71  	3301.92   	41746.95  	21346.85  
phase_id	 throughput
0	361.3664  	
SchedulerTimeBreakdownReport
thread_id	 explore_time	 next_time	 useful_time	 notify_time	 construct_time	 first_explore_time	 scheduler_switch
0	31539.65  	1085.60   	3879.00   	649.63    	15914.74  	7982.11   	0.00      	
1	31133.51  	1845.26   	4165.36   	834.18    	15889.11  	7951.88   	0.00      	
2	31387.21  	629.25    	4172.87   	777.08    	15802.27  	8003.54   	0.00      	
3	31681.85  	577.08    	4096.01   	801.11    	15746.49  	8049.17   	0.00      	
4	31388.57  	1373.12   	4034.26   	713.04    	15900.12  	7946.51   	0.00      	
5	31505.71  	1174.91   	4163.77   	792.82    	15767.63  	8080.24   	0.00      	
6	31222.96  	652.72    	4135.12   	818.34    	15968.00  	7964.99   	0.00      	
7	31610.45  	1613.38   	4064.66   	728.19    	15798.02  	8028.82   	0.00      	
8	31574.06  	1051.34   	4214.19   	816.72    	15637.10  	8089.71   	0.00      	
9	31750.13  	2050.36   	4066.98   	755.92    	15630.91  	8119.46   	0.00      	
10	30104.41  	2038.54   	4024.23   	753.50    	16964.01  	7917.70   	0.00      	
11	31446.19  	627.32    	4122.21   	783.95    	15810.29  	8017.55   	0.00      	
12	30932.30  	775.34    	4280.75   	823.30    	16071.96  	7946.01   	0.00      	
13	31503.15  	856.65    	3992.83   	661.53    	15862.53  	7973.52   	0.00      	
14	31228.47  	1020.64   	4022.05   	726.79    	16017.05  	7927.57   	0.00      	
15	31613.67  	1038.92   	3895.54   	694.58    	15835.01  	7991.95   	0.00      	
16	32078.48  	1875.77   	3774.55   	632.51    	15609.70  	8143.42   	0.00      	
17	31377.34  	1465.16   	4435.02   	748.34    	15723.40  	8245.57   	0.00      	
18	30230.12  	1986.75   	3695.91   	613.35    	16966.45  	7898.83   	0.00      	
19	30982.73  	1183.42   	3731.65   	577.45    	16293.32  	7927.47   	0.00      	
20	31095.92  	684.43    	3866.29   	783.84    	16129.16  	7929.51   	0.00      	
21	30238.06  	2160.80   	3567.80   	641.21    	17202.81  	8146.87   	0.00      	
22	31113.00  	2111.16   	3553.17   	638.02    	16396.24  	7904.67   	0.00      	
23	32084.85  	1093.05   	3419.88   	570.78    	15821.88  	7985.50   	0.00      	
