Throughput: 353.4584165082788
AverageTotalTimeBreakdownReport
thread_id	 total_time	 stream_process	 txn_process	 overheads
0	67853.09  	4583.81   	41502.09  	21767.20  
1	67870.81  	4544.21   	41826.80  	21499.80  
2	67857.05  	4549.56   	41967.63  	21339.86  
3	67870.93  	4590.43   	42047.34  	21233.15  
4	67814.00  	4633.32   	41724.21  	21456.46  
5	67814.87  	4620.46   	41837.68  	21356.73  
6	67869.69  	4600.70   	41832.63  	21436.36  
7	67870.73  	4603.01   	41792.67  	21475.06  
8	67814.94  	4645.35   	41591.76  	21577.82  
9	67807.11  	4584.42   	42095.54  	21127.14  
10	66946.78  	4448.31   	41743.86  	20754.61  
11	67852.26  	4606.60   	41361.44  	21884.21  
12	67787.09  	4604.89   	41580.42  	21601.78  
13	67833.73  	4588.27   	41687.15  	21558.31  
14	67726.53  	4528.01   	41718.73  	21479.78  
15	67784.88  	4604.21   	41799.57  	21381.10  
16	66960.16  	4499.27   	41958.94  	20501.95  
17	67186.00  	4534.90   	41742.72  	20908.38  
18	66987.36  	4512.92   	41384.71  	21089.73  
19	67692.36  	4552.51   	41732.75  	21407.09  
20	67738.18  	4607.89   	41819.46  	21310.83  
21	66812.54  	4439.93   	42135.65  	20236.96  
22	67680.68  	4567.72   	41603.82  	21509.14  
23	66887.29  	4517.21   	41536.68  	20833.40  
phase_id	 throughput
0	355.0582  	
SchedulerTimeBreakdownReport
thread_id	 explore_time	 next_time	 useful_time	 notify_time	 construct_time	 first_explore_time	 scheduler_switch
0	28750.81  	884.74    	7541.08   	441.26    	16203.93  	8207.82   	0.00      	
1	29138.39  	778.26    	7459.56   	571.39    	16006.42  	8199.72   	0.00      	
2	29416.94  	677.21    	7264.89   	512.45    	16005.92  	8287.63   	0.00      	
3	29631.38  	649.72    	7115.59   	556.38    	15875.14  	8273.42   	0.00      	
4	29565.02  	1378.04   	6893.08   	420.27    	16085.73  	8184.49   	0.00      	
5	29069.88  	821.77    	7489.52   	578.67    	16150.84  	8290.13   	0.00      	
6	29086.25  	1280.79   	7456.68   	566.41    	16130.53  	8295.89   	0.00      	
7	29160.44  	732.54    	7377.44   	555.75    	16046.35  	8218.61   	0.00      	
8	28870.89  	1104.00   	7426.56   	509.38    	16136.80  	8193.33   	0.00      	
9	29442.83  	1077.31   	7364.01   	583.91    	15943.55  	8300.60   	0.00      	
10	29152.45  	1453.37   	7376.48   	502.00    	16125.70  	8211.81   	0.00      	
11	28688.38  	2348.39   	7387.36   	473.91    	16435.15  	8346.86   	0.00      	
12	28643.60  	1034.99   	7666.81   	567.80    	16253.43  	8193.28   	0.00      	
13	29023.09  	902.49    	7369.39   	520.96    	16181.16  	8198.33   	0.00      	
14	29104.02  	1167.36   	7290.50   	540.77    	16209.22  	8196.29   	0.00      	
15	29262.60  	998.25    	7249.54   	530.91    	16036.34  	8219.69   	0.00      	
16	29609.72  	1417.09   	7113.58   	485.23    	15967.33  	8285.05   	0.00      	
17	29508.38  	1649.41   	6966.02   	454.22    	16156.20  	8204.95   	0.00      	
18	29130.17  	980.86    	6971.25   	567.28    	16399.46  	8182.33   	0.00      	
19	29607.56  	798.41    	6875.29   	456.06    	16053.10  	8202.92   	0.00      	
20	29609.18  	949.96    	6943.61   	574.10    	16048.27  	8279.07   	0.00      	
21	30062.15  	292.04    	6873.30   	567.25    	15855.54  	8342.48   	0.00      	
22	29253.81  	308.13    	7074.74   	564.45    	16186.88  	8188.30   	0.00      	
23	28950.24  	1577.92   	7328.08   	503.26    	16234.22  	8191.11   	0.00      	
