Throughput: 344.1660185172073
AverageTotalTimeBreakdownReport
thread_id	 total_time	 stream_process	 txn_process	 overheads
0	69544.13  	5074.06   	41524.38  	22945.69  
1	69606.40  	5080.50   	41133.10  	23392.80  
2	69524.74  	5048.27   	42034.15  	22442.31  
3	69253.50  	5079.83   	40838.94  	23334.72  
4	69263.42  	4916.04   	40267.74  	24079.65  
5	68567.98  	5046.39   	41708.83  	21812.75  
6	69605.48  	5061.87   	42063.05  	22480.56  
7	69603.86  	5004.96   	41923.87  	22675.03  
8	69602.72  	5102.63   	40100.67  	24399.42  
9	69591.22  	5048.34   	42261.43  	22281.44  
10	69586.98  	4994.42   	42163.41  	22429.15  
11	68597.30  	4829.57   	41839.84  	21927.89  
12	69578.20  	5072.00   	42035.10  	22471.09  
13	68709.61  	4939.21   	41465.01  	22305.39  
14	69499.20  	4970.89   	42112.91  	22415.40  
15	69522.58  	5122.34   	42032.51  	22367.73  
16	68731.91  	5003.79   	42354.90  	21373.22  
17	68714.15  	4962.09   	40917.33  	22834.73  
18	69468.74  	5034.97   	41749.27  	22684.50  
19	69466.68  	5044.64   	41940.54  	22481.51  
20	69423.85  	5021.06   	40984.91  	23417.87  
21	69450.09  	5078.69   	41179.34  	23192.05  
22	69445.38  	5042.42   	42283.28  	22119.68  
23	69436.92  	5090.33   	41752.91  	22593.68  
phase_id	 throughput
0	346.2055  	
SchedulerTimeBreakdownReport
thread_id	 explore_time	 next_time	 useful_time	 notify_time	 construct_time	 first_explore_time	 scheduler_switch
0	32834.76  	970.30    	3436.66   	651.21    	16702.81  	6703.98   	0.00      	
1	31695.03  	1495.52   	4193.80   	782.54    	17024.81  	6677.38   	0.00      	
2	32894.82  	1211.75   	3819.16   	820.64    	16440.68  	6717.66   	0.00      	
3	31841.10  	1082.80   	3746.59   	729.69    	16959.24  	6638.66   	0.00      	
4	30894.02  	1569.14   	4078.59   	696.55    	17483.79  	6764.13   	0.00      	
5	32534.19  	1354.17   	3893.28   	770.43    	16455.88  	6695.60   	0.00      	
6	32959.83  	1540.26   	3835.44   	712.84    	16495.37  	6848.90   	0.00      	
7	32936.57  	1075.27   	3675.46   	670.15    	16592.96  	6717.38   	0.00      	
8	30806.04  	1565.46   	4023.89   	854.95    	17787.54  	7006.58   	0.00      	
9	33415.96  	1063.82   	3518.14   	715.04    	16351.93  	6823.37   	0.00      	
10	33011.99  	589.05    	3835.64   	798.36    	16427.45  	6819.09   	0.00      	
11	32645.63  	683.01    	3951.59   	681.59    	16561.19  	6710.93   	0.00      	
12	32659.66  	543.70    	4120.03   	816.35    	16552.96  	6808.42   	0.00      	
13	32327.70  	1325.58   	3866.54   	831.79    	16771.59  	6662.18   	0.00      	
14	33004.03  	760.88    	3787.49   	825.52    	16521.28  	6817.64   	0.00      	
15	33139.48  	587.48    	3654.64   	812.80    	16398.51  	6797.77   	0.00      	
16	33518.45  	1366.41   	3525.03   	840.31    	16275.71  	6875.04   	0.00      	
17	32278.25  	627.33    	3392.11   	742.21    	17336.35  	6635.50   	0.00      	
18	33257.38  	798.45    	3195.46   	802.79    	16765.64  	6684.21   	0.00      	
19	33510.35  	660.18    	3113.24   	771.99    	16467.41  	6716.00   	0.00      	
20	32679.91  	1183.21   	3042.20   	755.02    	17188.26  	6643.55   	0.00      	
21	33015.16  	972.02    	2911.82   	652.93    	17114.27  	6654.73   	0.00      	
22	34145.57  	1806.23   	2820.78   	673.44    	16327.96  	6830.60   	0.00      	
23	33443.29  	1488.93   	3036.68   	583.80    	16638.69  	6705.62   	0.00      	
