Throughput: 510.4446167642736
AverageTotalTimeBreakdownReport
thread_id	 total_time	 stream_process	 txn_process	 overheads
0	46169.71  	3753.66   	26385.89  	16030.16  
1	46165.35  	3754.39   	26282.96  	16128.00  
2	46745.12  	4519.70   	26641.17  	15584.25  
3	46771.07  	4376.67   	26816.10  	15578.30  
4	46966.00  	4419.00   	26806.34  	15740.66  
5	46964.81  	4328.60   	27181.75  	15454.46  
6	46966.05  	4315.97   	26798.58  	15851.50  
7	46957.94  	4357.88   	26498.51  	16101.56  
8	46945.71  	4344.59   	25889.80  	16711.32  
9	46182.58  	3708.54   	26938.40  	15535.64  
10	46926.03  	4502.52   	26723.55  	15699.97  
11	46658.04  	4452.41   	26951.84  	15253.78  
12	46893.43  	4309.90   	26495.76  	16087.76  
13	46061.16  	3667.09   	27098.24  	15295.84  
14	46066.22  	3699.76   	26738.65  	15627.81  
15	46621.88  	4460.13   	27202.46  	14959.29  
16	46090.84  	3891.29   	26713.70  	15485.85  
17	46107.17  	3741.58   	26357.01  	16008.58  
18	46815.71  	4303.94   	27008.91  	15502.87  
19	46820.61  	4331.21   	27068.11  	15421.28  
20	45979.84  	3623.79   	27400.00  	14956.05  
21	45927.05  	3747.98   	27193.82  	14985.25  
22	46512.62  	4405.09   	27077.34  	15030.19  
23	45954.23  	3909.32   	26690.32  	15354.58  
phase_id	 throughput
0	516.0413  	
SchedulerTimeBreakdownReport
thread_id	 explore_time	 next_time	 useful_time	 notify_time	 construct_time	 first_explore_time	 scheduler_switch
0	11754.21  	109.15    	9985.19   	692.23    	10592.69  	5371.76   	0.00      	
1	11849.94  	134.61    	9845.15   	641.96    	10657.22  	5363.34   	0.00      	
2	12339.87  	103.46    	9937.86   	634.74    	10344.59  	5410.27   	0.00      	
3	12409.90  	90.72     	9769.71   	626.83    	10491.59  	5403.38   	0.00      	
4	12383.63  	107.68    	9844.25   	636.50    	10414.47  	5400.30   	0.00      	
5	12776.64  	114.80    	9823.38   	671.49    	10180.07  	5505.26   	0.00      	
6	12415.40  	116.38    	9784.09   	671.59    	10454.44  	5403.92   	0.00      	
7	12125.03  	120.30    	9785.25   	657.68    	10614.94  	5371.92   	0.00      	
8	11466.16  	102.10    	9809.22   	653.34    	10983.51  	5620.42   	0.00      	
9	12497.66  	106.89    	9853.12   	603.78    	10221.40  	5416.04   	0.00      	
10	12480.90  	90.35     	9822.09   	653.27    	10255.02  	5415.98   	0.00      	
11	12671.88  	82.92     	9830.53   	612.08    	10300.82  	5469.32   	0.00      	
12	12013.64  	115.78    	9887.27   	653.22    	10646.55  	5372.31   	0.00      	
13	12707.51  	96.12     	9812.33   	628.51    	10201.67  	5477.23   	0.00      	
14	12277.09  	98.90     	9835.35   	655.14    	10445.06  	5371.78   	0.00      	
15	13017.47  	97.26     	9738.98   	672.55    	10064.98  	5601.12   	0.00      	
16	12323.75  	96.86     	9941.56   	647.40    	10375.64  	5419.40   	0.00      	
17	11823.74  	95.04     	9905.98   	669.09    	10753.33  	5366.42   	0.00      	
18	12640.42  	105.03    	9777.06   	578.17    	10416.40  	5451.16   	0.00      	
19	12665.34  	100.05    	9789.55   	626.57    	10268.67  	5464.78   	0.00      	
20	12864.32  	105.04    	9887.32   	611.68    	10062.13  	5500.09   	0.00      	
21	12892.56  	90.13     	9834.91   	665.17    	10148.49  	5497.15   	0.00      	
22	12978.27  	227.96    	9687.36   	642.00    	10181.52  	5502.33   	0.00      	
23	12361.71  	92.19     	9865.82   	653.51    	10440.87  	5409.59   	0.00      	
