Throughput: 194.82461965981997
AverageTotalTimeBreakdownReport
thread_id	 total_time	 stream_process	 txn_process	 overheads
0	123185.50 	14870.43  	106760.02 	1555.05   
1	123220.74 	14801.61  	106870.62 	1548.51   
2	123217.40 	14731.99  	106925.21 	1560.19   
3	123195.72 	14833.08  	106761.45 	1601.18   
4	123205.07 	14975.04  	106633.45 	1596.59   
5	123204.61 	15048.94  	106540.84 	1614.83   
6	123205.33 	14954.48  	106626.33 	1624.51   
7	123204.11 	14868.49  	106721.86 	1613.75   
8	123200.83 	15110.17  	106478.21 	1612.45   
9	123200.53 	14870.71  	106717.62 	1612.20   
10	123198.06 	14820.00  	106760.82 	1617.24   
11	123199.13 	14850.86  	106735.01 	1613.27   
12	123195.80 	14956.72  	106614.91 	1624.17   
13	123190.92 	14858.80  	106725.97 	1606.15   
14	123211.87 	14794.64  	106803.62 	1613.61   
15	123187.26 	14791.52  	106776.41 	1619.33   
16	123191.13 	14847.22  	106744.19 	1599.71   
17	123186.31 	14972.95  	106593.19 	1620.17   
18	123194.06 	14951.65  	106613.94 	1628.47   
19	123184.10 	14951.64  	106603.78 	1628.68   
20	123182.67 	14944.96  	106617.91 	1619.79   
21	123181.51 	14799.56  	106767.34 	1614.61   
22	123182.29 	14809.48  	106751.04 	1621.77   
23	123181.97 	14922.05  	106648.64 	1611.28   
phase_id	 throughput
0	264.9703  	
1	326.6036  	
2	528.3784  	
3	557.4285  	
4	423.6255  	
5	250.6667  	
6	197.5341  	
7	127.8093  	
8	133.3375  	
9	121.5608  	
10	125.6559  	
11	142.7723  	
12	159.1617  	
SchedulerTimeBreakdownReport
thread_id	 explore_time	 next_time	 useful_time	 notify_time	 construct_time	 first_explore_time	 scheduler_switch
0	57643.47  	291.86    	47862.75  	434.83    	10319.34  	11415.00  	6.93      	
1	49587.07  	339.17    	56001.31  	494.09    	10288.86  	12232.40  	36.54     	
2	50805.58  	357.62    	54832.67  	483.83    	10248.44  	12322.12  	35.56     	
3	49570.32  	1099.47   	56181.10  	500.34    	10241.03  	12778.30  	38.73     	
4	70161.49  	7519.19   	35225.88  	355.77    	10329.59  	10439.26  	37.63     	
5	75213.51  	11702.41  	30101.19  	316.34    	10472.47  	9761.79   	38.07     	
6	78409.86  	10720.51  	26891.08  	292.40    	10370.70  	9748.92   	36.92     	
7	80814.05  	18382.00  	24584.70  	248.87    	10337.18  	9224.77   	35.84     	
8	82274.75  	16456.10  	22913.24  	245.78    	10517.83  	8976.61   	35.82     	
9	83753.66  	20541.71  	21693.77  	212.94    	10301.76  	8980.19   	36.50     	
10	84762.34  	16951.78  	20709.29  	202.03    	10325.29  	8737.77   	34.28     	
11	85615.68  	19185.16  	19864.24  	195.09    	10314.86  	9037.38   	37.52     	
12	86061.37  	15978.99  	19190.03  	192.46    	10417.82  	8824.03   	37.61     	
13	86874.10  	16755.18  	18537.20  	192.06    	10309.55  	8522.12   	37.12     	
14	87687.01  	11890.54  	17949.74  	182.06    	10273.62  	8539.02   	35.74     	
15	88033.96  	14492.72  	17448.17  	172.95    	10239.53  	8363.23   	37.82     	
16	88565.78  	11260.15  	17027.34  	169.98    	10278.16  	8747.36   	38.43     	
17	88608.05  	8584.99   	16682.84  	170.33    	10414.90  	8354.31   	38.60     	
18	89118.01  	2082.77   	16333.65  	166.12    	10404.60  	8366.40   	37.81     	
19	89432.05  	8854.67   	16010.01  	164.90    	10434.58  	8168.12   	38.63     	
20	89580.60  	1867.12   	15720.45  	158.98    	10386.03  	8319.20   	36.60     	
21	90118.49  	1375.84   	15496.82  	152.67    	10235.26  	8429.64   	38.44     	
22	90236.64  	1165.14   	15338.51  	150.39    	10293.49  	8316.84   	38.96     	
23	90207.49  	855.32    	15243.85  	154.67    	10386.62  	8291.69   	37.28     	
