Throughput: 63.382334436600274
AverageTotalTimeBreakdownReport
thread_id	 total_time	 stream_process	 txn_process	 overheads
0	378579.45 	25921.71  	352020.28 	637.47    
1	378607.71 	16695.26  	361130.36 	782.09    
2	378601.95 	16088.46  	361865.60 	647.89    
3	378653.76 	17326.28  	360794.81 	532.68    
4	378583.07 	16919.66  	360810.07 	853.34    
5	378580.34 	16195.33  	361442.97 	942.04    
6	378586.07 	18782.80  	359054.26 	749.01    
7	378580.46 	18530.78  	359447.29 	602.38    
8	378587.10 	19055.06  	358794.05 	737.98    
9	378577.94 	16892.19  	361162.64 	523.11    
10	378578.19 	14710.91  	363071.59 	795.69    
11	378577.83 	16276.03  	361638.70 	663.10    
12	378582.46 	20105.19  	358012.57 	464.69    
13	378575.97 	16531.39  	361514.89 	529.69    
14	378580.33 	18269.90  	359651.82 	658.61    
15	378572.39 	15255.07  	362617.95 	699.37    
16	378572.53 	18417.98  	359353.80 	800.75    
17	378569.10 	17506.98  	360095.21 	966.91    
18	378577.73 	18801.97  	359186.75 	589.01    
19	378570.99 	19863.10  	357942.84 	765.05    
20	378574.11 	16696.45  	361175.34 	702.32    
21	378569.45 	20023.92  	358050.83 	494.70    
22	378568.78 	24020.02  	354033.47 	515.29    
23	378565.18 	19887.11  	357942.85 	735.22    
phase_id	 throughput
0	196.5151  	
1	281.6802  	
2	315.4519  	
3	346.2783  	
4	257.1461  	
5	194.9934  	
6	142.2558  	
7	87.4191   	
8	47.1363   	
9	40.1607   	
10	20.7567   	
11	26.8318   	
12	31.9284   	
SchedulerTimeBreakdownReport
thread_id	 explore_time	 next_time	 useful_time	 notify_time	 construct_time	 first_explore_time	 scheduler_switch
0	193389.42 	9994.95   	157832.81 	496.96    	20559.52  	18030.61  	0.08      	
1	175924.74 	6260.69   	184071.54 	573.75    	12552.54  	19232.76  	0.21      	
2	165769.13 	12667.15  	194988.19 	622.23    	11901.90  	17922.84  	0.05      	
3	158165.23 	14330.78  	201500.67 	529.00    	13289.30  	19179.55  	0.05      	
4	296154.02 	43855.76  	63567.04  	391.72    	12500.79  	14861.29  	0.04      	
5	313663.46 	55369.02  	46919.68  	402.67    	11645.28  	14572.46  	0.06      	
6	320909.96 	53498.58  	37340.27  	324.28    	13930.54  	14385.29  	0.05      	
7	324289.67 	64098.21  	34207.63  	368.60    	14032.18  	13342.17  	0.05      	
8	328385.92 	59018.65  	29367.51  	199.71    	14063.28  	13249.95  	0.06      	
9	333560.16 	61452.01  	26726.42  	272.56    	12602.82  	12500.08  	0.06      	
10	337317.86 	59105.00  	24680.42  	181.18    	10935.99  	11841.78  	0.06      	
11	336662.78 	62457.61  	23829.65  	262.27    	11791.90  	12108.66  	0.05      	
12	334849.42 	58453.92  	22018.12  	174.01    	15878.97  	11817.05  	0.05      	
13	339914.26 	61595.93  	20472.55  	160.80    	12615.51  	11850.05  	0.05      	
14	338896.18 	64841.82  	19635.93  	249.72    	14112.41  	12202.75  	0.05      	
15	343416.99 	70131.07  	18459.53  	162.01    	11059.37  	11887.18  	0.04      	
16	340307.84 	56312.93  	18033.65  	159.04    	13949.87  	11691.51  	0.05      	
17	340597.42 	63642.20  	18644.17  	240.54    	12812.43  	12418.10  	0.08      	
18	339341.58 	54819.85  	18683.64  	197.07    	14343.80  	11633.62  	0.07      	
19	340334.42 	62831.32  	16957.19  	321.26    	14772.78  	11866.14  	0.06      	
20	345015.37 	54518.57  	15151.45  	197.96    	12132.19  	11059.51  	0.05      	
21	341443.11 	63556.07  	15572.96  	268.25    	14465.18  	11027.14  	0.06      	
22	337925.96 	57516.39  	14982.85  	132.66    	18468.20  	10580.59  	0.05      	
23	343159.78 	67716.00  	13864.57  	216.52    	13871.96  	10408.26  	0.08      	
