Throughput: 46.49212826534207
AverageTotalTimeBreakdownReport
thread_id	 total_time	 stream_process	 txn_process	 overheads
0	516171.10 	27152.40  	487823.22 	1195.48   
1	516093.09 	26998.36  	487845.24 	1249.49   
2	516091.53 	27510.52  	487523.07 	1057.94   
3	516089.61 	25772.92  	489244.42 	1072.27   
4	516150.32 	24815.29  	489897.52 	1437.51   
5	516092.83 	26259.07  	488130.21 	1703.56   
6	515935.55 	26243.56  	488117.71 	1574.28   
7	516149.15 	25922.24  	489100.48 	1126.42   
8	516142.23 	27834.81  	486964.81 	1342.61   
9	516105.85 	23018.69  	491748.10 	1339.06   
10	516016.45 	23750.01  	491534.01 	732.44    
11	516023.35 	22388.54  	492378.22 	1256.60   
12	516113.82 	27100.14  	487825.43 	1188.25   
13	516235.79 	27136.77  	487688.17 	1410.85   
14	516233.43 	22503.25  	492524.86 	1205.32   
15	516142.93 	22881.46  	492150.57 	1110.91   
16	516236.42 	22943.48  	492409.91 	883.03    
17	516019.34 	22699.45  	492386.23 	933.66    
18	516148.08 	24821.85  	489985.83 	1340.40   
19	516143.88 	24654.61  	490063.21 	1426.06   
20	516150.51 	24363.07  	490873.47 	913.97    
21	516231.14 	30300.96  	485115.98 	814.20    
22	516150.41 	30258.90  	484336.53 	1554.98   
23	516062.92 	31291.60  	483545.30 	1226.02   
phase_id	 throughput
0	100.6160  	
1	122.6391  	
2	135.6489  	
3	130.3547  	
4	107.7040  	
5	107.1767  	
6	71.9385   	
7	45.2803   	
8	40.0868   	
9	29.3706   	
10	20.1686   	
11	22.6866   	
12	25.5272   	
SchedulerTimeBreakdownReport
thread_id	 explore_time	 next_time	 useful_time	 notify_time	 construct_time	 first_explore_time	 scheduler_switch
0	253712.40 	4374.05   	233169.67 	615.44    	20149.52  	28039.67  	0.05      	
1	235254.53 	8584.50   	251677.05 	993.27    	19528.34  	30403.08  	0.05      	
2	237695.72 	21960.35  	248756.92 	994.22    	20339.66  	28983.57  	0.04      	
3	236825.16 	27343.09  	251537.00 	1467.94   	18243.14  	28309.36  	0.04      	
4	397788.60 	61031.95  	91073.75  	920.45    	18691.96  	23734.39  	0.04      	
5	415496.85 	70501.29  	71720.93  	772.51    	19241.43  	22286.66  	0.04      	
6	424826.02 	72603.11  	62388.75  	657.63    	18044.05  	21982.24  	0.05      	
7	432373.73 	77920.64  	55768.02  	514.44    	18729.37  	22328.71  	0.06      	
8	436544.77 	70770.74  	49582.27  	467.93    	21415.62  	20624.70  	0.04      	
9	445204.43 	74384.31  	45567.22  	726.87    	16418.87  	18472.87  	0.04      	
10	448284.40 	61582.22  	42256.14  	446.42    	17426.91  	18875.75  	0.06      	
11	449637.77 	70545.97  	41843.75  	528.17    	15661.47  	17897.18  	0.04      	
12	448112.34 	58972.77  	38769.09  	344.81    	20143.90  	18726.81  	0.06      	
13	449225.10 	69318.47  	37526.89  	347.69    	20029.15  	18938.97  	0.05      	
14	457693.86 	60320.28  	33943.21  	148.38    	16307.54  	16922.27  	0.04      	
15	457065.54 	70962.72  	34191.54  	147.59    	16471.51  	17501.52  	0.09      	
16	458019.03 	60983.92  	33470.32  	206.53    	16066.24  	17477.11  	0.05      	
17	459315.22 	57003.10  	32056.06  	138.29    	16489.25  	16903.83  	0.04      	
18	457828.42 	53684.32  	31107.29  	347.35    	18880.03  	17228.99  	0.05      	
19	458216.13 	64356.27  	30961.08  	265.98    	17333.66  	16915.83  	0.04      	
20	460913.76 	50129.07  	28987.41  	188.40    	17543.15  	16482.10  	0.04      	
21	456842.01 	57553.81  	27311.93  	335.37    	20733.80  	16027.15  	0.05      	
22	455649.15 	64997.88  	27673.73  	347.86    	21218.66  	15867.50  	0.09      	
23	455667.03 	72548.70  	26964.78  	313.83    	21985.23  	15734.76  	0.12      	
