Throughput: 680.4762763825363
AverageTotalTimeBreakdownReport
thread_id	 total_time	 stream_process	 txn_process	 overheads
0	35219.39  	1516.42   	18524.40  	15178.56  
1	35202.45  	1441.53   	19959.72  	13801.20  
2	35201.61  	1434.64   	20378.65  	13388.31  
3	35228.59  	1467.08   	19716.33  	14045.18  
4	35179.30  	1447.07   	20346.19  	13386.04  
5	35205.01  	1450.29   	20226.00  	13528.72  
6	35203.85  	1445.58   	19971.32  	13786.94  
7	35228.30  	1473.46   	19837.40  	13917.44  
8	35212.94  	1474.54   	19993.86  	13744.53  
9	35199.82  	1436.15   	20396.95  	13366.72  
10	35224.31  	1467.09   	20086.76  	13670.46  
11	35168.82  	1417.94   	20226.84  	13524.04  
12	35210.28  	1465.68   	19562.66  	14181.94  
13	35194.90  	1458.86   	19858.26  	13877.78  
14	35188.25  	1378.15   	20511.67  	13298.43  
15	35224.45  	1486.32   	18851.60  	14886.53  
16	35186.99  	1454.11   	18892.18  	14840.71  
17	35235.87  	1535.23   	18586.50  	15114.14  
18	35220.82  	1535.47   	18690.80  	14994.54  
19	35190.67  	1456.75   	18358.85  	15375.08  
20	35187.77  	1462.95   	19656.88  	14067.94  
21	35185.32  	1484.86   	20517.34  	13183.12  
22	35222.26  	1549.35   	20317.90  	13355.01  
23	35214.60  	1498.77   	19693.16  	14022.67  
phase_id	 throughput
0	681.7082  	
SchedulerTimeBreakdownReport
thread_id	 explore_time	 next_time	 useful_time	 notify_time	 construct_time	 first_explore_time	 scheduler_switch
0	12320.53  	108.75    	4219.56   	72.23     	12573.00  	7922.42   	0.00      	
1	13784.76  	116.00    	4190.37   	67.19     	11216.40  	7946.75   	0.00      	
2	14244.37  	113.51    	4158.72   	65.91     	10895.25  	7942.81   	0.00      	
3	13603.97  	111.33    	4119.80   	67.02     	11462.70  	7903.89   	0.00      	
4	14253.86  	108.14    	4102.78   	62.66     	10956.37  	7948.68   	0.00      	
5	13988.59  	113.05    	4244.66   	61.61     	10998.17  	7967.48   	0.00      	
6	13751.74  	108.53    	4228.09   	61.54     	11123.40  	7937.59   	0.00      	
7	13653.09  	117.70    	4191.35   	66.67     	11320.95  	7916.50   	0.00      	
8	13808.21  	111.75    	4202.41   	67.99     	11171.47  	7931.74   	0.00      	
9	14264.07  	114.98    	4153.79   	65.84     	10880.01  	7924.91   	0.00      	
10	13881.83  	112.49    	4215.20   	70.30     	11080.52  	7913.06   	0.00      	
11	14037.33  	113.76    	4211.85   	63.71     	11020.68  	7966.82   	0.00      	
12	13283.93  	109.27    	4284.37   	62.95     	11556.53  	7893.41   	0.00      	
13	13624.30  	111.00    	4249.65   	69.00     	11319.89  	7940.86   	0.00      	
14	14281.73  	109.38    	4207.67   	69.06     	10915.20  	7924.81   	0.00      	
15	12546.95  	113.91    	4294.99   	72.71     	12364.83  	7893.23   	0.00      	
16	12703.28  	113.96    	4183.09   	66.07     	12290.30  	7898.37   	0.00      	
17	12337.69  	111.64    	4242.23   	64.71     	12609.42  	7915.68   	0.00      	
18	12486.56  	111.46    	4194.24   	64.96     	12457.55  	7907.19   	0.00      	
19	12144.52  	111.79    	4204.95   	72.06     	12873.93  	7987.34   	0.00      	
20	13462.08  	112.97    	4186.95   	66.02     	11537.36  	7926.73   	0.00      	
21	14321.35  	110.47    	4184.77   	62.41     	10871.14  	7948.99   	0.00      	
22	14122.16  	112.05    	4191.24   	60.98     	10958.08  	7926.18   	0.00      	
23	13495.13  	113.84    	4187.78   	60.59     	11511.97  	7910.03   	0.00      	
