Throughput: 245.91055117320636
AverageTotalTimeBreakdownReport
thread_id	 total_time	 stream_process	 txn_process	 overheads
0	97284.67  	1397.12   	83130.42  	12757.13  
1	97290.58  	1379.42   	82138.67  	13772.49  
2	97303.37  	1394.04   	84236.10  	11673.23  
3	97249.23  	1271.64   	72672.17  	23305.42  
4	97276.16  	1355.69   	82090.66  	13829.81  
5	97291.34  	1350.51   	82684.49  	13256.34  
6	97262.25  	1333.49   	78557.71  	17371.05  
7	97290.39  	1345.89   	80871.54  	15072.96  
8	97243.12  	1348.38   	83881.79  	12012.95  
9	97296.78  	1370.64   	85402.34  	10523.80  
10	97270.86  	1378.54   	84764.23  	11128.09  
11	97276.43  	1354.25   	71526.98  	24395.21  
12	97277.00  	1371.89   	77276.96  	18628.15  
13	97255.63  	1332.41   	79526.14  	16397.08  
14	97290.48  	1376.76   	72711.28  	23202.43  
15	97323.08  	685.07    	67459.67  	29178.34  
16	97553.76  	398.06    	72898.82  	24256.88  
17	97279.95  	1390.57   	57767.79  	38121.60  
18	97295.67  	1392.07   	67923.30  	27980.31  
19	97253.61  	1354.17   	72574.49  	23324.95  
20	97230.62  	1341.25   	84479.63  	11409.74  
21	97271.74  	1387.34   	85299.41  	10584.98  
22	97254.08  	1380.40   	85354.41  	10519.27  
23	97253.01  	1430.41   	84248.20  	11574.40  
phase_id	 throughput
0	246.6944  	
SchedulerTimeBreakdownReport
thread_id	 explore_time	 next_time	 useful_time	 notify_time	 construct_time	 first_explore_time	 scheduler_switch
0	61794.94  	400.59    	19154.55  	342.47    	10567.89  	23146.14  	0.00      	
1	73765.70  	208.99    	6221.13   	170.79    	11664.77  	23110.19  	0.00      	
2	77519.34  	155.30    	4561.45   	117.88    	9461.97   	23167.89  	0.00      	
3	66562.98  	131.66    	3904.91   	97.80     	21231.08  	23072.77  	0.00      	
4	76436.88  	127.91    	3486.16   	78.57     	11670.85  	23097.71  	0.00      	
5	77301.48  	113.34    	3189.85   	66.89     	11050.83  	23090.90  	0.00      	
6	73347.79  	101.74    	3036.94   	64.48     	15226.12  	23125.09  	0.00      	
7	75805.70  	93.25     	2857.70   	61.17     	12915.40  	23114.44  	0.00      	
8	79065.62  	81.09     	2657.15   	55.69     	9794.97   	23160.11  	0.00      	
9	80676.84  	82.07     	2543.18   	47.79     	8354.50   	23191.69  	0.00      	
10	80196.22  	68.61     	2405.85   	43.56     	8900.25   	23104.73  	0.00      	
11	66991.27  	70.45     	2328.96   	40.20     	22337.48  	23086.74  	0.00      	
12	72748.41  	57.98     	2315.12   	39.52     	16515.33  	23071.80  	0.00      	
13	75064.53  	58.92     	2242.84   	40.30     	14295.71  	23087.55  	0.00      	
14	68439.58  	66.48     	2067.61   	36.72     	21052.23  	23091.16  	0.00      	
15	62600.05  	49.88     	1928.87   	40.42     	27210.19  	23117.81  	0.00      	
16	67566.31  	50.83     	1864.96   	32.41     	22243.95  	23119.07  	0.00      	
17	53957.14  	51.64     	1621.86   	31.64     	36116.16  	23157.72  	0.00      	
18	64150.48  	47.18     	1549.47   	29.17     	25959.13  	23093.55  	0.00      	
19	68903.25  	40.10     	1448.36   	29.29     	21318.89  	23061.65  	0.00      	
20	80900.16  	38.90     	1351.76   	26.77     	9280.32   	23119.66  	0.00      	
21	81828.30  	33.89     	1243.64   	24.25     	8542.34   	23159.05  	0.00      	
22	82044.94  	32.21     	1083.59   	22.74     	8480.28   	23182.80  	0.00      	
23	80815.25  	33.83     	1231.14   	22.91     	9450.51   	23160.82  	0.00      	
