UsedMemory
0.000000	18.0000   	
1.000000	20.0000   	
2.000000	20.0000   	
3.000000	20.0000   	
4.000000	20.0000   	
5.000000	20.0000   	
6.000000	20.0000   	
7.000000	20.0000   	
8.000000	20.0000   	
9.000000	20.0000   	
10.000000	22.0000   	
11.000000	22.0000   	
12.000000	22.0000   	
13.000000	24.0000   	
14.000000	24.0000   	
15.000000	24.0000   	
16.000000	24.0000   	
17.000000	27.0000   	
18.000000	27.0000   	
19.000000	27.0000   	
20.000000	27.0000   	
21.000000	29.0000   	
22.000000	29.0000   	
23.000000	29.0000   	
24.000000	29.0000   	
25.000000	29.0000   	
26.000000	29.0000   	
27.000000	31.0000   	
28.000000	36.0000   	
29.000000	36.0000   	
30.000000	36.0000   	
31.000000	36.0000   	
32.000000	36.0000   	
33.000000	36.0000   	
34.000000	36.0000   	
35.000000	36.0000   	
36.000000	36.0000   	
37.000000	36.0000   	
38.000000	36.0000   	
39.000000	36.0000   	
40.000000	36.0000   	
41.000000	36.0000   	
42.000000	36.0000   	
43.000000	36.0000   	
44.000000	36.0000   	
45.000000	36.0000   	
46.000000	36.0000   	
47.000000	36.0000   	
48.000000	36.0000   	
49.000000	38.0000   	
50.000000	38.0000   	
51.000000	38.0000   	
52.000000	38.0000   	
53.000000	38.0000   	
54.000000	38.0000   	
55.000000	38.0000   	
56.000000	38.0000   	
57.000000	38.0000   	
58.000000	38.0000   	
59.000000	38.0000   	
60.000000	38.0000   	
61.000000	38.0000   	
62.000000	38.0000   	
63.000000	38.0000   	
64.000000	38.0000   	
65.000000	38.0000   	
66.000000	38.0000   	
67.000000	38.0000   	
68.000000	38.0000   	
69.000000	38.0000   	
70.000000	38.0000   	
71.000000	38.0000   	
72.000000	38.0000   	
73.000000	38.0000   	
74.000000	38.0000   	
75.000000	38.0000   	
76.000000	38.0000   	
77.000000	38.0000   	
78.000000	38.0000   	
79.000000	38.0000   	
80.000000	38.0000   	
81.000000	38.0000   	
82.000000	38.0000   	
83.000000	38.0000   	
84.000000	38.0000   	
85.000000	38.0000   	
86.000000	38.0000   	
87.000000	38.0000   	
88.000000	38.0000   	
89.000000	40.0000   	
90.000000	40.0000   	
91.000000	40.0000   	
92.000000	40.0000   	
93.000000	40.0000   	
94.000000	40.0000   	
95.000000	40.0000   	
96.000000	40.0000   	
97.000000	40.0000   	
98.000000	40.0000   	
99.000000	40.0000   	
100.000000	40.0000   	
101.000000	40.0000   	
102.000000	40.0000   	
103.000000	40.0000   	
104.000000	40.0000   	
105.000000	40.0000   	
106.000000	40.0000   	
107.000000	40.0000   	
108.000000	40.0000   	
109.000000	40.0000   	
110.000000	40.0000   	
111.000000	40.0000   	
112.000000	40.0000   	
113.000000	40.0000   	
114.000000	40.0000   	
115.000000	40.0000   	
116.000000	42.0000   	
117.000000	42.0000   	
118.000000	42.0000   	
119.000000	42.0000   	
120.000000	42.0000   	
121.000000	42.0000   	
122.000000	42.0000   	
123.000000	42.0000   	
124.000000	42.0000   	
125.000000	42.0000   	
126.000000	42.0000   	
127.000000	42.0000   	
128.000000	42.0000   	
129.000000	42.0000   	
130.000000	42.0000   	
131.000000	42.0000   	
132.000000	45.0000   	
133.000000	45.0000   	
134.000000	45.0000   	
135.000000	45.0000   	
136.000000	45.0000   	
137.000000	45.0000   	
138.000000	45.0000   	
139.000000	45.0000   	
140.000000	45.0000   	
141.000000	45.0000   	
142.000000	45.0000   	
143.000000	45.0000   	
144.000000	45.0000   	
145.000000	45.0000   	
146.000000	45.0000   	
147.000000	45.0000   	
148.000000	47.0000   	
149.000000	47.0000   	
150.000000	47.0000   	
151.000000	47.0000   	
152.000000	47.0000   	
153.000000	47.0000   	
154.000000	47.0000   	
155.000000	47.0000   	
156.000000	47.0000   	
157.000000	47.0000   	
158.000000	47.0000   	
159.000000	47.0000   	
160.000000	47.0000   	
161.000000	47.0000   	
162.000000	47.0000   	
163.000000	47.0000   	
164.000000	47.0000   	
165.000000	47.0000   	
166.000000	47.0000   	
167.000000	47.0000   	
168.000000	49.0000   	
169.000000	49.0000   	
170.000000	49.0000   	
171.000000	49.0000   	
172.000000	49.0000   	
173.000000	49.0000   	
174.000000	49.0000   	
175.000000	51.0000   	
176.000000	51.0000   	
177.000000	51.0000   	
178.000000	51.0000   	
179.000000	51.0000   	
180.000000	51.0000   	
181.000000	51.0000   	
182.000000	51.0000   	
183.000000	51.0000   	
184.000000	51.0000   	
185.000000	51.0000   	
186.000000	51.0000   	
187.000000	51.0000   	
188.000000	51.0000   	
189.000000	51.0000   	
190.000000	51.0000   	
191.000000	51.0000   	
192.000000	51.0000   	
193.000000	51.0000   	
194.000000	51.0000   	
195.000000	51.0000   	
196.000000	54.0000   	
197.000000	54.0000   	
198.000000	54.0000   	
199.000000	54.0000   	
200.000000	54.0000   	
201.000000	54.0000   	
202.000000	54.0000   	
203.000000	54.0000   	
204.000000	54.0000   	
205.000000	54.0000   	
206.000000	56.0000   	
207.000000	56.0000   	
208.000000	56.0000   	
209.000000	56.0000   	
210.000000	56.0000   	
211.000000	56.0000   	
212.000000	56.0000   	
213.000000	56.0000   	
214.000000	56.0000   	
215.000000	56.0000   	
216.000000	56.0000   	
217.000000	58.0000   	
218.000000	58.0000   	
219.000000	58.0000   	
220.000000	58.0000   	
221.000000	58.0000   	
222.000000	58.0000   	
223.000000	58.0000   	
224.000000	58.0000   	
225.000000	58.0000   	
226.000000	58.0000   	
227.000000	60.0000   	
228.000000	60.0000   	
229.000000	60.0000   	
230.000000	60.0000   	
231.000000	60.0000   	
232.000000	60.0000   	
233.000000	60.0000   	
234.000000	60.0000   	
235.000000	60.0000   	
236.000000	60.0000   	
237.000000	60.0000   	
238.000000	63.0000   	
239.000000	63.0000   	
240.000000	63.0000   	
241.000000	63.0000   	
242.000000	63.0000   	
243.000000	63.0000   	
244.000000	63.0000   	
245.000000	63.0000   	
246.000000	63.0000   	
247.000000	63.0000   	
248.000000	63.0000   	
249.000000	65.0000   	
250.000000	65.0000   	
251.000000	65.0000   	
252.000000	65.0000   	
253.000000	65.0000   	
254.000000	65.0000   	
255.000000	65.0000   	
256.000000	65.0000   	
257.000000	65.0000   	
258.000000	67.0000   	
259.000000	67.0000   	
260.000000	67.0000   	
261.000000	67.0000   	
262.000000	67.0000   	
263.000000	67.0000   	
264.000000	67.0000   	
265.000000	67.0000   	
266.000000	67.0000   	
267.000000	67.0000   	
268.000000	67.0000   	
269.000000	67.0000   	
270.000000	69.0000   	
271.000000	69.0000   	
272.000000	69.0000   	
273.000000	69.0000   	
274.000000	69.0000   	
275.000000	69.0000   	
276.000000	69.0000   	
277.000000	69.0000   	
278.000000	69.0000   	
279.000000	69.0000   	
280.000000	72.0000   	
281.000000	72.0000   	
282.000000	72.0000   	
283.000000	72.0000   	
284.000000	72.0000   	
285.000000	72.0000   	
286.000000	72.0000   	
287.000000	72.0000   	
288.000000	72.0000   	
289.000000	72.0000   	
290.000000	72.0000   	
291.000000	72.0000   	
292.000000	72.0000   	
293.000000	72.0000   	
294.000000	72.0000   	
295.000000	72.0000   	
296.000000	72.0000   	
297.000000	74.0000   	
298.000000	74.0000   	
299.000000	74.0000   	
300.000000	74.0000   	
301.000000	74.0000   	
302.000000	74.0000   	
303.000000	74.0000   	
304.000000	74.0000   	
305.000000	74.0000   	
306.000000	74.0000   	
307.000000	74.0000   	
308.000000	74.0000   	
309.000000	76.0000   	
310.000000	76.0000   	
311.000000	76.0000   	
312.000000	76.0000   	
313.000000	76.0000   	
314.000000	76.0000   	
315.000000	76.0000   	
316.000000	76.0000   	
317.000000	76.0000   	
318.000000	76.0000   	
319.000000	76.0000   	
320.000000	76.0000   	
321.000000	78.0000   	
322.000000	78.0000   	
323.000000	78.0000   	
324.000000	78.0000   	
325.000000	78.0000   	
326.000000	78.0000   	
327.000000	78.0000   	
328.000000	78.0000   	
329.000000	78.0000   	
330.000000	78.0000   	
331.000000	78.0000   	
332.000000	81.0000   	
333.000000	81.0000   	
334.000000	81.0000   	
335.000000	81.0000   	
336.000000	81.0000   	
337.000000	81.0000   	
338.000000	81.0000   	
339.000000	81.0000   	
340.000000	81.0000   	
341.000000	83.0000   	
342.000000	83.0000   	
343.000000	83.0000   	
344.000000	83.0000   	
345.000000	83.0000   	
346.000000	83.0000   	
347.000000	85.0000   	
348.000000	85.0000   	
349.000000	85.0000   	
350.000000	85.0000   	
351.000000	85.0000   	
352.000000	85.0000   	
353.000000	87.0000   	
354.000000	87.0000   	
355.000000	87.0000   	
356.000000	87.0000   	
357.000000	87.0000   	
358.000000	90.0000   	
359.000000	90.0000   	
360.000000	90.0000   	
361.000000	90.0000   	
362.000000	90.0000   	
363.000000	92.0000   	
364.000000	92.0000   	
365.000000	92.0000   	
366.000000	92.0000   	
367.000000	92.0000   	
368.000000	92.0000   	
369.000000	94.0000   	
370.000000	94.0000   	
371.000000	94.0000   	
372.000000	94.0000   	
373.000000	94.0000   	
374.000000	94.0000   	
375.000000	96.0000   	
376.000000	96.0000   	
377.000000	96.0000   	
378.000000	96.0000   	
379.000000	96.0000   	
380.000000	99.0000   	
381.000000	99.0000   	
382.000000	99.0000   	
383.000000	99.0000   	
384.000000	99.0000   	
385.000000	99.0000   	
386.000000	101.0000  	
387.000000	101.0000  	
388.000000	101.0000  	
389.000000	101.0000  	
390.000000	101.0000  	
391.000000	103.0000  	
392.000000	103.0000  	
393.000000	103.0000  	
394.000000	103.0000  	
395.000000	103.0000  	
396.000000	103.0000  	
397.000000	105.0000  	
398.000000	105.0000  	
399.000000	105.0000  	
400.000000	105.0000  	
401.000000	105.0000  	
402.000000	108.0000  	
403.000000	108.0000  	
404.000000	108.0000  	
405.000000	108.0000  	
406.000000	108.0000  	
407.000000	110.0000  	
408.000000	110.0000  	
409.000000	110.0000  	
410.000000	110.0000  	
411.000000	110.0000  	
412.000000	110.0000  	
413.000000	112.0000  	
414.000000	112.0000  	
415.000000	112.0000  	
416.000000	112.0000  	
417.000000	112.0000  	
418.000000	16.0000   	
419.000000	16.0000   	
420.000000	16.0000   	
421.000000	16.0000   	
422.000000	16.0000   	
423.000000	16.0000   	
424.000000	20.0000   	
425.000000	20.0000   	
426.000000	20.0000   	
427.000000	20.0000   	
428.000000	22.0000   	
429.000000	22.0000   	
430.000000	22.0000   	
431.000000	22.0000   	
432.000000	22.0000   	
433.000000	22.0000   	
434.000000	23.0000   	
435.000000	23.0000   	
436.000000	23.0000   	
437.000000	23.0000   	
438.000000	23.0000   	
439.000000	25.0000   	
440.000000	25.0000   	
441.000000	25.0000   	
442.000000	25.0000   	
443.000000	25.0000   	
444.000000	27.0000   	
445.000000	27.0000   	
446.000000	27.0000   	
447.000000	27.0000   	
448.000000	27.0000   	
449.000000	29.0000   	
450.000000	29.0000   	
451.000000	29.0000   	
452.000000	29.0000   	
453.000000	29.0000   	
454.000000	31.0000   	
455.000000	31.0000   	
456.000000	31.0000   	
457.000000	31.0000   	
458.000000	31.0000   	
459.000000	31.0000   	
460.000000	33.0000   	
461.000000	33.0000   	
462.000000	33.0000   	
463.000000	33.0000   	
464.000000	33.0000   	
465.000000	35.0000   	
466.000000	35.0000   	
467.000000	35.0000   	
468.000000	35.0000   	
469.000000	35.0000   	
470.000000	37.0000   	
471.000000	37.0000   	
472.000000	37.0000   	
473.000000	37.0000   	
474.000000	39.0000   	
475.000000	39.0000   	
476.000000	39.0000   	
477.000000	40.0000   	
478.000000	40.0000   	
479.000000	40.0000   	
480.000000	42.0000   	
481.000000	42.0000   	
482.000000	42.0000   	
483.000000	44.0000   	
484.000000	44.0000   	
485.000000	44.0000   	
486.000000	46.0000   	
487.000000	46.0000   	
488.000000	46.0000   	
489.000000	46.0000   	
490.000000	46.0000   	
491.000000	48.0000   	
492.000000	48.0000   	
493.000000	48.0000   	
494.000000	50.0000   	
495.000000	50.0000   	
496.000000	50.0000   	
497.000000	50.0000   	
498.000000	50.0000   	
499.000000	52.0000   	
500.000000	52.0000   	
501.000000	52.0000   	
502.000000	54.0000   	
503.000000	54.0000   	
504.000000	54.0000   	
505.000000	56.0000   	
506.000000	56.0000   	
507.000000	56.0000   	
508.000000	57.0000   	
509.000000	57.0000   	
510.000000	57.0000   	
511.000000	59.0000   	
512.000000	59.0000   	
513.000000	60.0000   	
514.000000	62.0000   	
515.000000	62.0000   	
516.000000	62.0000   	
517.000000	64.0000   	
518.000000	64.0000   	
519.000000	64.0000   	
520.000000	66.0000   	
521.000000	66.0000   	
522.000000	66.0000   	
523.000000	66.0000   	
524.000000	66.0000   	
525.000000	66.0000   	
526.000000	68.0000   	
527.000000	68.0000   	
528.000000	68.0000   	
529.000000	70.0000   	
530.000000	70.0000   	
531.000000	70.0000   	
532.000000	70.0000   	
533.000000	72.0000   	
534.000000	72.0000   	
535.000000	72.0000   	
536.000000	72.0000   	
537.000000	74.0000   	
538.000000	74.0000   	
539.000000	74.0000   	
540.000000	74.0000   	
541.000000	76.0000   	
542.000000	76.0000   	
543.000000	76.0000   	
544.000000	76.0000   	
545.000000	77.0000   	
546.000000	77.0000   	
547.000000	77.0000   	
548.000000	77.0000   	
549.000000	79.0000   	
550.000000	79.0000   	
551.000000	79.0000   	
552.000000	81.0000   	
553.000000	82.0000   	
554.000000	82.0000   	
555.000000	84.0000   	
556.000000	84.0000   	
557.000000	84.0000   	
558.000000	84.0000   	
559.000000	86.0000   	
560.000000	86.0000   	
561.000000	86.0000   	
562.000000	88.0000   	
563.000000	88.0000   	
564.000000	88.0000   	
565.000000	88.0000   	
566.000000	90.0000   	
567.000000	90.0000   	
568.000000	90.0000   	
569.000000	90.0000   	
570.000000	92.0000   	
571.000000	92.0000   	
572.000000	92.0000   	
573.000000	92.0000   	
574.000000	94.0000   	
575.000000	94.0000   	
576.000000	94.0000   	
577.000000	94.0000   	
578.000000	96.0000   	
579.000000	96.0000   	
580.000000	96.0000   	
581.000000	96.0000   	
582.000000	98.0000   	
583.000000	98.0000   	
584.000000	98.0000   	
585.000000	99.0000   	
586.000000	99.0000   	
587.000000	99.0000   	
588.000000	99.0000   	
589.000000	99.0000   	
590.000000	101.0000  	
591.000000	101.0000  	
592.000000	101.0000  	
593.000000	103.0000  	
594.000000	103.0000  	
595.000000	103.0000  	
596.000000	103.0000  	
597.000000	105.0000  	
598.000000	105.0000  	
599.000000	105.0000  	
600.000000	105.0000  	
601.000000	107.0000  	
602.000000	107.0000  	
603.000000	107.0000  	
604.000000	107.0000  	
605.000000	109.0000  	
606.000000	109.0000  	
607.000000	109.0000  	
608.000000	109.0000  	
609.000000	111.0000  	
610.000000	111.0000  	
611.000000	111.0000  	
612.000000	111.0000  	
613.000000	113.0000  	
614.000000	113.0000  	
615.000000	113.0000  	
616.000000	113.0000  	
617.000000	115.0000  	
618.000000	115.0000  	
619.000000	115.0000  	
620.000000	116.0000  	
621.000000	116.0000  	
622.000000	116.0000  	
623.000000	116.0000  	
624.000000	116.0000  	
625.000000	118.0000  	
626.000000	118.0000  	
627.000000	118.0000  	
628.000000	118.0000  	
629.000000	120.0000  	
630.000000	120.0000  	
631.000000	120.0000  	
632.000000	122.0000  	
633.000000	122.0000  	
634.000000	122.0000  	
635.000000	122.0000  	
636.000000	122.0000  	
637.000000	124.0000  	
638.000000	124.0000  	
639.000000	124.0000  	
640.000000	126.0000  	
641.000000	126.0000  	
642.000000	126.0000  	
643.000000	126.0000  	
644.000000	127.0000  	
645.000000	127.0000  	
646.000000	15.0000   	
647.000000	15.0000   	
648.000000	15.0000   	
649.000000	15.0000   	
650.000000	15.0000   	
651.000000	17.0000   	
652.000000	17.0000   	
653.000000	17.0000   	
654.000000	17.0000   	
655.000000	17.0000   	
656.000000	19.0000   	
657.000000	19.0000   	
658.000000	19.0000   	
659.000000	19.0000   	
660.000000	19.0000   	
661.000000	21.0000   	
662.000000	21.0000   	
663.000000	21.0000   	
664.000000	21.0000   	
665.000000	21.0000   	
666.000000	23.0000   	
667.000000	23.0000   	
668.000000	23.0000   	
669.000000	23.0000   	
670.000000	23.0000   	
671.000000	25.0000   	
672.000000	25.0000   	
673.000000	25.0000   	
674.000000	25.0000   	
675.000000	27.0000   	
676.000000	27.0000   	
677.000000	27.0000   	
678.000000	27.0000   	
679.000000	29.0000   	
680.000000	29.0000   	
681.000000	29.0000   	
682.000000	29.0000   	
683.000000	31.0000   	
684.000000	31.0000   	
685.000000	31.0000   	
686.000000	31.0000   	
687.000000	33.0000   	
688.000000	33.0000   	
689.000000	33.0000   	
690.000000	33.0000   	
691.000000	33.0000   	
692.000000	35.0000   	
693.000000	35.0000   	
694.000000	35.0000   	
695.000000	35.0000   	
696.000000	37.0000   	
697.000000	37.0000   	
698.000000	37.0000   	
699.000000	37.0000   	
700.000000	37.0000   	
701.000000	39.0000   	
702.000000	39.0000   	
703.000000	39.0000   	
704.000000	39.0000   	
705.000000	39.0000   	
706.000000	41.0000   	
707.000000	41.0000   	
708.000000	41.0000   	
709.000000	41.0000   	
710.000000	41.0000   	
711.000000	41.0000   	
712.000000	43.0000   	
713.000000	43.0000   	
714.000000	43.0000   	
715.000000	43.0000   	
716.000000	43.0000   	
717.000000	43.0000   	
718.000000	45.0000   	
719.000000	45.0000   	
720.000000	45.0000   	
721.000000	45.0000   	
722.000000	45.0000   	
723.000000	47.0000   	
724.000000	47.0000   	
725.000000	47.0000   	
726.000000	47.0000   	
727.000000	49.0000   	
728.000000	49.0000   	
729.000000	49.0000   	
730.000000	49.0000   	
731.000000	51.0000   	
732.000000	51.0000   	
733.000000	51.0000   	
734.000000	51.0000   	
735.000000	53.0000   	
736.000000	53.0000   	
737.000000	53.0000   	
738.000000	53.0000   	
739.000000	55.0000   	
740.000000	55.0000   	
741.000000	55.0000   	
742.000000	55.0000   	
743.000000	57.0000   	
744.000000	57.0000   	
745.000000	57.0000   	
746.000000	57.0000   	
747.000000	57.0000   	
748.000000	59.0000   	
749.000000	59.0000   	
750.000000	59.0000   	
751.000000	59.0000   	
752.000000	61.0000   	
753.000000	61.0000   	
754.000000	61.0000   	
755.000000	61.0000   	
756.000000	63.0000   	
757.000000	63.0000   	
758.000000	63.0000   	
759.000000	63.0000   	
760.000000	65.0000   	
761.000000	65.0000   	
762.000000	65.0000   	
763.000000	65.0000   	
764.000000	67.0000   	
765.000000	67.0000   	
766.000000	67.0000   	
767.000000	67.0000   	
768.000000	67.0000   	
769.000000	69.0000   	
770.000000	69.0000   	
771.000000	69.0000   	
772.000000	69.0000   	
773.000000	71.0000   	
774.000000	71.0000   	
775.000000	71.0000   	
776.000000	71.0000   	
777.000000	73.0000   	
778.000000	73.0000   	
779.000000	73.0000   	
780.000000	73.0000   	
781.000000	75.0000   	
782.000000	75.0000   	
783.000000	75.0000   	
784.000000	75.0000   	
785.000000	77.0000   	
786.000000	77.0000   	
787.000000	77.0000   	
788.000000	77.0000   	
789.000000	79.0000   	
790.000000	79.0000   	
791.000000	79.0000   	
792.000000	79.0000   	
793.000000	81.0000   	
794.000000	81.0000   	
795.000000	81.0000   	
796.000000	81.0000   	
797.000000	83.0000   	
798.000000	83.0000   	
799.000000	83.0000   	
800.000000	83.0000   	
801.000000	83.0000   	
802.000000	85.0000   	
803.000000	85.0000   	
804.000000	85.0000   	
805.000000	85.0000   	
806.000000	87.0000   	
807.000000	87.0000   	
808.000000	87.0000   	
809.000000	87.0000   	
810.000000	89.0000   	
811.000000	89.0000   	
812.000000	89.0000   	
813.000000	89.0000   	
814.000000	91.0000   	
815.000000	91.0000   	
816.000000	91.0000   	
817.000000	91.0000   	
818.000000	93.0000   	
819.000000	93.0000   	
820.000000	93.0000   	
821.000000	93.0000   	
822.000000	95.0000   	
823.000000	95.0000   	
824.000000	96.0000   	
825.000000	96.0000   	
826.000000	96.0000   	
827.000000	98.0000   	
828.000000	98.0000   	
829.000000	98.0000   	
830.000000	98.0000   	
831.000000	98.0000   	
832.000000	100.0000  	
833.000000	100.0000  	
834.000000	100.0000  	
835.000000	100.0000  	
836.000000	102.0000  	
837.000000	102.0000  	
838.000000	102.0000  	
839.000000	102.0000  	
840.000000	104.0000  	
841.000000	104.0000  	
842.000000	104.0000  	
843.000000	104.0000  	
844.000000	104.0000  	
845.000000	106.0000  	
846.000000	106.0000  	
847.000000	106.0000  	
848.000000	106.0000  	
849.000000	108.0000  	
850.000000	108.0000  	
851.000000	108.0000  	
852.000000	108.0000  	
853.000000	110.0000  	
854.000000	110.0000  	
855.000000	110.0000  	
856.000000	110.0000  	
857.000000	110.0000  	
858.000000	110.0000  	
859.000000	112.0000  	
860.000000	112.0000  	
861.000000	112.0000  	
862.000000	112.0000  	
863.000000	112.0000  	
864.000000	114.0000  	
865.000000	114.0000  	
866.000000	114.0000  	
867.000000	114.0000  	
868.000000	114.0000  	
869.000000	116.0000  	
870.000000	116.0000  	
871.000000	116.0000  	
872.000000	116.0000  	
873.000000	118.0000  	
874.000000	118.0000  	
875.000000	118.0000  	
876.000000	118.0000  	
877.000000	120.0000  	
878.000000	120.0000  	
879.000000	120.0000  	
880.000000	120.0000  	
881.000000	120.0000  	
882.000000	122.0000  	
883.000000	122.0000  	
884.000000	122.0000  	
885.000000	122.0000  	
886.000000	124.0000  	
887.000000	124.0000  	
888.000000	124.0000  	
889.000000	124.0000  	
890.000000	126.0000  	
891.000000	126.0000  	
892.000000	126.0000  	
893.000000	126.0000  	
894.000000	126.0000  	
895.000000	128.0000  	
896.000000	128.0000  	
897.000000	128.0000  	
898.000000	128.0000  	
899.000000	18.0000   	
900.000000	18.0000   	
901.000000	18.0000   	
902.000000	18.0000   	
903.000000	18.0000   	
904.000000	18.0000   	
905.000000	18.0000   	
906.000000	18.0000   	
907.000000	18.0000   	
908.000000	18.0000   	
909.000000	20.0000   	
910.000000	20.0000   	
911.000000	20.0000   	
912.000000	20.0000   	
913.000000	20.0000   	
914.000000	20.0000   	
915.000000	22.0000   	
916.000000	22.0000   	
917.000000	22.0000   	
918.000000	22.0000   	
919.000000	24.0000   	
920.000000	24.0000   	
921.000000	24.0000   	
922.000000	24.0000   	
923.000000	24.0000   	
924.000000	24.0000   	
925.000000	26.0000   	
926.000000	26.0000   	
927.000000	26.0000   	
928.000000	26.0000   	
929.000000	28.0000   	
930.000000	28.0000   	
931.000000	28.0000   	
932.000000	28.0000   	
933.000000	28.0000   	
934.000000	28.0000   	
935.000000	30.0000   	
936.000000	30.0000   	
937.000000	30.0000   	
938.000000	30.0000   	
939.000000	30.0000   	
940.000000	32.0000   	
941.000000	32.0000   	
942.000000	32.0000   	
943.000000	32.0000   	
944.000000	35.0000   	
945.000000	35.0000   	
946.000000	35.0000   	
947.000000	35.0000   	
948.000000	35.0000   	
949.000000	35.0000   	
950.000000	37.0000   	
951.000000	37.0000   	
952.000000	37.0000   	
953.000000	37.0000   	
954.000000	37.0000   	
955.000000	39.0000   	
956.000000	39.0000   	
957.000000	39.0000   	
958.000000	39.0000   	
959.000000	39.0000   	
960.000000	39.0000   	
961.000000	41.0000   	
962.000000	41.0000   	
963.000000	41.0000   	
964.000000	41.0000   	
965.000000	41.0000   	
966.000000	43.0000   	
967.000000	43.0000   	
968.000000	43.0000   	
969.000000	43.0000   	
970.000000	43.0000   	
971.000000	49.0000   	
972.000000	49.0000   	
973.000000	49.0000   	
974.000000	49.0000   	
975.000000	49.0000   	
976.000000	49.0000   	
977.000000	51.0000   	
978.000000	51.0000   	
979.000000	51.0000   	
980.000000	51.0000   	
981.000000	51.0000   	
982.000000	53.0000   	
983.000000	53.0000   	
984.000000	53.0000   	
985.000000	53.0000   	
986.000000	53.0000   	
987.000000	53.0000   	
988.000000	53.0000   	
989.000000	55.0000   	
990.000000	55.0000   	
991.000000	55.0000   	
992.000000	55.0000   	
993.000000	55.0000   	
994.000000	57.0000   	
995.000000	57.0000   	
996.000000	57.0000   	
997.000000	57.0000   	
998.000000	57.0000   	
999.000000	59.0000   	
1000.000000	59.0000   	
1001.000000	59.0000   	
1002.000000	59.0000   	
1003.000000	59.0000   	
1004.000000	59.0000   	
1005.000000	61.0000   	
1006.000000	61.0000   	
1007.000000	61.0000   	
1008.000000	61.0000   	
1009.000000	61.0000   	
1010.000000	63.0000   	
1011.000000	63.0000   	
1012.000000	63.0000   	
1013.000000	63.0000   	
1014.000000	63.0000   	
1015.000000	63.0000   	
1016.000000	65.0000   	
1017.000000	65.0000   	
1018.000000	65.0000   	
1019.000000	65.0000   	
1020.000000	65.0000   	
1021.000000	67.0000   	
1022.000000	67.0000   	
1023.000000	67.0000   	
1024.000000	67.0000   	
1025.000000	70.0000   	
1026.000000	70.0000   	
1027.000000	70.0000   	
1028.000000	70.0000   	
1029.000000	70.0000   	
1030.000000	70.0000   	
1031.000000	72.0000   	
1032.000000	72.0000   	
1033.000000	72.0000   	
1034.000000	72.0000   	
1035.000000	72.0000   	
1036.000000	74.0000   	
1037.000000	74.0000   	
1038.000000	74.0000   	
1039.000000	74.0000   	
1040.000000	74.0000   	
1041.000000	74.0000   	
1042.000000	76.0000   	
1043.000000	76.0000   	
1044.000000	76.0000   	
1045.000000	76.0000   	
1046.000000	76.0000   	
1047.000000	78.0000   	
1048.000000	78.0000   	
1049.000000	78.0000   	
1050.000000	78.0000   	
1051.000000	81.0000   	
1052.000000	81.0000   	
1053.000000	81.0000   	
1054.000000	81.0000   	
1055.000000	81.0000   	
1056.000000	81.0000   	
1057.000000	83.0000   	
1058.000000	83.0000   	
1059.000000	83.0000   	
1060.000000	83.0000   	
1061.000000	83.0000   	
1062.000000	85.0000   	
1063.000000	85.0000   	
1064.000000	85.0000   	
1065.000000	85.0000   	
1066.000000	85.0000   	
1067.000000	85.0000   	
1068.000000	87.0000   	
1069.000000	87.0000   	
1070.000000	87.0000   	
1071.000000	87.0000   	
1072.000000	87.0000   	
1073.000000	89.0000   	
1074.000000	89.0000   	
1075.000000	89.0000   	
1076.000000	89.0000   	
1077.000000	89.0000   	
1078.000000	91.0000   	
1079.000000	91.0000   	
1080.000000	91.0000   	
1081.000000	91.0000   	
1082.000000	91.0000   	
1083.000000	91.0000   	
1084.000000	93.0000   	
1085.000000	93.0000   	
1086.000000	93.0000   	
1087.000000	93.0000   	
1088.000000	93.0000   	
1089.000000	95.0000   	
1090.000000	95.0000   	
1091.000000	95.0000   	
1092.000000	95.0000   	
1093.000000	95.0000   	
1094.000000	97.0000   	
1095.000000	97.0000   	
1096.000000	97.0000   	
1097.000000	97.0000   	
1098.000000	97.0000   	
1099.000000	99.0000   	
1100.000000	99.0000   	
1101.000000	99.0000   	
1102.000000	99.0000   	
1103.000000	99.0000   	
1104.000000	101.0000  	
1105.000000	101.0000  	
1106.000000	101.0000  	
1107.000000	101.0000  	
1108.000000	101.0000  	
1109.000000	101.0000  	
1110.000000	103.0000  	
1111.000000	103.0000  	
1112.000000	103.0000  	
1113.000000	103.0000  	
1114.000000	103.0000  	
1115.000000	105.0000  	
1116.000000	105.0000  	
1117.000000	105.0000  	
1118.000000	105.0000  	
1119.000000	107.0000  	
1120.000000	107.0000  	
1121.000000	107.0000  	
1122.000000	107.0000  	
1123.000000	107.0000  	
1124.000000	107.0000  	
1125.000000	109.0000  	
1126.000000	109.0000  	
1127.000000	109.0000  	
1128.000000	109.0000  	
1129.000000	109.0000  	
1130.000000	111.0000  	
1131.000000	111.0000  	
1132.000000	111.0000  	
1133.000000	111.0000  	
1134.000000	111.0000  	
1135.000000	111.0000  	
1136.000000	113.0000  	
1137.000000	113.0000  	
1138.000000	113.0000  	
1139.000000	113.0000  	
1140.000000	113.0000  	
1141.000000	116.0000  	
1142.000000	116.0000  	
1143.000000	116.0000  	
1144.000000	116.0000  	
1145.000000	118.0000  	
1146.000000	118.0000  	
1147.000000	118.0000  	
1148.000000	118.0000  	
1149.000000	118.0000  	
1150.000000	118.0000  	
1151.000000	120.0000  	
1152.000000	120.0000  	
1153.000000	120.0000  	
1154.000000	120.0000  	
1155.000000	120.0000  	
1156.000000	122.0000  	
1157.000000	122.0000  	
1158.000000	122.0000  	
1159.000000	122.0000  	
1160.000000	122.0000  	
1161.000000	124.0000  	
1162.000000	124.0000  	
1163.000000	124.0000  	
1164.000000	124.0000  	
1165.000000	124.0000  	
1166.000000	124.0000  	
1167.000000	126.0000  	
1168.000000	126.0000  	
1169.000000	126.0000  	
1170.000000	126.0000  	
1171.000000	126.0000  	
1172.000000	128.0000  	
1173.000000	128.0000  	
1174.000000	128.0000  	
1175.000000	128.0000  	
1176.000000	128.0000  	
1177.000000	128.0000  	
1178.000000	21.0000   	
1179.000000	21.0000   	
1180.000000	21.0000   	
1181.000000	21.0000   	
1182.000000	21.0000   	
1183.000000	21.0000   	
1184.000000	21.0000   	
1185.000000	21.0000   	
1186.000000	23.0000   	
1187.000000	23.0000   	
1188.000000	23.0000   	
1189.000000	23.0000   	
1190.000000	23.0000   	
1191.000000	23.0000   	
1192.000000	25.0000   	
1193.000000	25.0000   	
1194.000000	25.0000   	
1195.000000	25.0000   	
1196.000000	27.0000   	
1197.000000	27.0000   	
1198.000000	27.0000   	
1199.000000	27.0000   	
1200.000000	27.0000   	
1201.000000	29.0000   	
1202.000000	29.0000   	
1203.000000	29.0000   	
1204.000000	29.0000   	
1205.000000	29.0000   	
1206.000000	31.0000   	
1207.000000	31.0000   	
1208.000000	31.0000   	
1209.000000	31.0000   	
1210.000000	33.0000   	
1211.000000	33.0000   	
1212.000000	33.0000   	
1213.000000	33.0000   	
1214.000000	33.0000   	
1215.000000	35.0000   	
1216.000000	35.0000   	
1217.000000	35.0000   	
1218.000000	35.0000   	
1219.000000	35.0000   	
1220.000000	37.0000   	
1221.000000	37.0000   	
1222.000000	37.0000   	
1223.000000	37.0000   	
1224.000000	37.0000   	
1225.000000	39.0000   	
1226.000000	39.0000   	
1227.000000	39.0000   	
1228.000000	39.0000   	
1229.000000	39.0000   	
1230.000000	41.0000   	
1231.000000	41.0000   	
1232.000000	41.0000   	
1233.000000	41.0000   	
1234.000000	44.0000   	
1235.000000	44.0000   	
1236.000000	44.0000   	
1237.000000	44.0000   	
1238.000000	44.0000   	
1239.000000	44.0000   	
1240.000000	46.0000   	
1241.000000	46.0000   	
1242.000000	46.0000   	
1243.000000	46.0000   	
1244.000000	46.0000   	
1245.000000	48.0000   	
1246.000000	48.0000   	
1247.000000	48.0000   	
1248.000000	48.0000   	
1249.000000	48.0000   	
1250.000000	50.0000   	
1251.000000	50.0000   	
1252.000000	50.0000   	
1253.000000	50.0000   	
1254.000000	50.0000   	
1255.000000	52.0000   	
1256.000000	52.0000   	
1257.000000	52.0000   	
1258.000000	52.0000   	
1259.000000	54.0000   	
1260.000000	54.0000   	
1261.000000	54.0000   	
1262.000000	54.0000   	
1263.000000	54.0000   	
1264.000000	54.0000   	
1265.000000	56.0000   	
1266.000000	56.0000   	
1267.000000	56.0000   	
1268.000000	56.0000   	
1269.000000	58.0000   	
1270.000000	58.0000   	
1271.000000	58.0000   	
1272.000000	58.0000   	
1273.000000	58.0000   	
1274.000000	60.0000   	
1275.000000	60.0000   	
1276.000000	60.0000   	
1277.000000	60.0000   	
1278.000000	60.0000   	
1279.000000	62.0000   	
1280.000000	62.0000   	
1281.000000	62.0000   	
1282.000000	62.0000   	
1283.000000	62.0000   	
1284.000000	65.0000   	
1285.000000	65.0000   	
1286.000000	65.0000   	
1287.000000	65.0000   	
1288.000000	65.0000   	
1289.000000	65.0000   	
1290.000000	67.0000   	
1291.000000	67.0000   	
1292.000000	67.0000   	
1293.000000	67.0000   	
1294.000000	67.0000   	
1295.000000	69.0000   	
1296.000000	69.0000   	
1297.000000	69.0000   	
1298.000000	69.0000   	
1299.000000	69.0000   	
1300.000000	71.0000   	
1301.000000	71.0000   	
1302.000000	71.0000   	
1303.000000	71.0000   	
1304.000000	71.0000   	
1305.000000	71.0000   	
1306.000000	73.0000   	
1307.000000	73.0000   	
1308.000000	73.0000   	
1309.000000	73.0000   	
1310.000000	73.0000   	
1311.000000	75.0000   	
1312.000000	75.0000   	
1313.000000	75.0000   	
1314.000000	75.0000   	
1315.000000	75.0000   	
1316.000000	77.0000   	
1317.000000	77.0000   	
1318.000000	77.0000   	
1319.000000	77.0000   	
1320.000000	77.0000   	
1321.000000	79.0000   	
1322.000000	79.0000   	
1323.000000	79.0000   	
1324.000000	79.0000   	
1325.000000	81.0000   	
1326.000000	81.0000   	
1327.000000	81.0000   	
1328.000000	81.0000   	
1329.000000	81.0000   	
1330.000000	81.0000   	
1331.000000	83.0000   	
1332.000000	83.0000   	
1333.000000	83.0000   	
1334.000000	83.0000   	
1335.000000	85.0000   	
1336.000000	85.0000   	
1337.000000	85.0000   	
1338.000000	85.0000   	
1339.000000	85.0000   	
1340.000000	88.0000   	
1341.000000	88.0000   	
1342.000000	88.0000   	
1343.000000	88.0000   	
1344.000000	88.0000   	
1345.000000	90.0000   	
1346.000000	90.0000   	
1347.000000	90.0000   	
1348.000000	90.0000   	
1349.000000	90.0000   	
1350.000000	92.0000   	
1351.000000	92.0000   	
1352.000000	92.0000   	
1353.000000	92.0000   	
1354.000000	92.0000   	
1355.000000	94.0000   	
1356.000000	94.0000   	
