Throughput: 5.485856353192472
AverageTotalTimeBreakdownReport
thread_id	 total_time	 stream_process	 txn_process	 overheads
0	182285.88 	8783.50   	173260.23 	242.15    
phase_id	 throughput
0	1.1143    	
1	1.6002    	
2	1.5823    	
3	1.6037    	
4	1.5933    	
5	1.5516    	
6	1.6141    	
7	1.4923    	
8	2.9153    	
9	2.8620    	
10	2.8708    	
11	3.0263    	
12	2.8513    	
13	3.2120    	
14	5.6334    	
15	5.5740    	
16	5.6992    	
17	5.8907    	
18	6.0997    	
19	6.0423    	
20	5.8359    	
21	5.8730    	
22	5.8062    	
23	5.8761    	
24	5.9594    	
25	6.1496    	
26	6.0362    	
27	6.1092    	
28	6.0536    	
29	5.8844    	
30	6.0160    	
31	5.9742    	
32	6.0009    	
33	6.1130    	
34	6.0746    	
35	6.0465    	
36	2.1407    	
37	6.6129    	
38	5.4597    	
39	5.4176    	
40	5.4276    	
41	5.3908    	
42	5.4492    	
43	5.4377    	
44	5.1823    	
45	4.8001    	
46	5.0578    	
47	5.0881    	
48	5.8380    	
49	8.0006    	
50	8.6485    	
51	8.8480    	
52	9.0271    	
53	9.0874    	
54	9.0619    	
55	6.6537    	
56	6.4794    	
57	8.8195    	
58	6.2662    	
59	6.1248    	
60	8.9141    	
61	9.1958    	
62	9.0108    	
63	9.1294    	
64	9.1060    	
65	9.2662    	
66	9.2038    	
67	8.9668    	
68	7.3031    	
69	5.7408    	
70	6.6339    	
71	7.0124    	
72	6.9014    	
73	7.0134    	
74	7.0403    	
75	6.9973    	
76	7.0011    	
77	7.0793    	
78	9.0002    	
79	8.7227    	
80	6.9852    	
81	8.9110    	
82	8.8780    	
83	7.1319    	
84	7.1876    	
85	7.1854    	
86	7.1874    	
87	7.2414    	
88	7.1874    	
89	7.2265    	
90	6.8677    	
91	7.0794    	
92	6.9667    	
93	7.0341    	
94	7.0295    	
95	6.9825    	
96	6.9386    	
97	6.9284    	
98	6.9642    	
99	6.9982    	
100	7.1225    	
101	7.1527    	
102	6.9787    	
103	7.0780    	
104	7.1189    	
105	7.0129    	
106	7.0127    	
107	7.0300    	
108	7.0452    	
109	7.0664    	
110	7.1247    	
111	7.0444    	
112	2.5544    	
113	6.2102    	
114	5.3888    	
115	5.2453    	
116	6.0910    	
117	6.7442    	
118	6.7527    	
119	6.7657    	
120	6.7435    	
121	6.7484    	
122	6.7385    	
123	6.7711    	
124	6.7447    	
125	6.7839    	
126	6.7257    	
127	5.9207    	
128	5.2795    	
129	5.1373    	
130	4.8792    	
131	5.0726    	
132	5.6310    	
133	6.0847    	
134	7.1373    	
135	7.0902    	
136	7.0399    	
137	7.2718    	
138	6.8781    	
139	6.9146    	
140	6.8833    	
141	6.6802    	
142	6.7789    	
143	6.8119    	
144	6.8388    	
145	6.7286    	
146	6.7448    	
147	7.0057    	
148	7.0087    	
149	6.7963    	
150	6.7820    	
151	6.8889    	
152	7.0393    	
153	7.0728    	
154	7.0274    	
155	7.0086    	
156	6.9189    	
157	6.7994    	
158	6.9025    	
159	7.0600    	
160	6.7952    	
161	6.6884    	
162	6.8962    	
163	7.0867    	
164	7.1455    	
165	6.9827    	
166	7.1308    	
167	7.1247    	
168	5.9509    	
169	6.1942    	
170	6.0930    	
171	6.1245    	
172	6.2691    	
173	6.3747    	
174	6.2113    	
175	6.2593    	
176	6.2353    	
177	6.0961    	
178	5.5474    	
179	5.5654    	
180	5.7519    	
181	6.2973    	
182	6.3703    	
183	6.3016    	
184	6.3396    	
185	6.3266    	
186	6.3228    	
187	6.3496    	
188	6.3489    	
189	6.2684    	
190	2.2951    	
191	6.0973    	
192	5.9838    	
193	5.9663    	
194	5.9279    	
195	5.8632    	
196	5.8149    	
197	5.7722    	
198	5.7427    	
199	5.6309    	
200	5.7192    	
201	5.6888    	
202	5.6678    	
203	5.6172    	
204	5.4587    	
205	5.4318    	
206	5.3068    	
207	5.3832    	
208	4.9763    	
209	5.0465    	
210	5.0209    	
211	5.2070    	
212	5.0934    	
213	5.3830    	
214	5.0582    	
215	5.4783    	
216	5.2910    	
217	5.2958    	
218	5.3829    	
219	5.3729    	
220	5.0111    	
221	5.3721    	
222	5.4796    	
223	5.4697    	
224	5.4864    	
225	5.5205    	
226	5.5595    	
227	5.5578    	
228	5.5203    	
229	5.5465    	
230	5.3818    	
231	5.3221    	
232	5.4837    	
233	5.3721    	
234	5.2846    	
235	5.3962    	
236	5.4373    	
237	5.4563    	
238	5.4033    	
239	5.3349    	
240	5.4896    	
241	5.5743    	
242	5.5129    	
243	5.5321    	
244	5.3904    	
245	5.4294    	
246	5.5303    	
247	5.4689    	
248	5.4644    	
249	5.4505    	
250	5.4028    	
251	5.4773    	
252	5.4707    	
253	5.4531    	
254	5.4922    	
255	5.4778    	
256	5.3330    	
257	5.4663    	
258	5.4481    	
259	5.5078    	
260	5.5009    	
261	5.5112    	
262	5.5071    	
263	2.8730    	
264	5.9855    	
265	6.0763    	
266	6.0698    	
267	6.0099    	
268	5.9806    	
269	6.0245    	
270	5.9984    	
271	6.0247    	
272	5.9927    	
273	5.8128    	
274	5.9247    	
275	5.9201    	
276	5.8984    	
277	5.7332    	
278	5.7198    	
279	5.6190    	
280	5.6988    	
281	5.7393    	
282	5.7623    	
283	5.8305    	
284	5.8338    	
285	5.7581    	
286	5.8613    	
287	5.7570    	
288	5.8177    	
289	5.7882    	
290	5.7247    	
291	5.5385    	
292	5.4109    	
293	5.3277    	
294	5.1908    	
295	5.3067    	
296	5.3345    	
297	5.5446    	
298	5.4924    	
299	5.6678    	
300	5.6594    	
301	5.7998    	
302	5.8537    	
303	5.8013    	
304	5.8286    	
305	5.7372    	
306	5.7094    	
307	5.9293    	
308	5.8077    	
309	5.7159    	
310	5.9013    	
311	5.9911    	
SchedulerTimeBreakdownReport
thread_id	 explore_time	 next_time	 useful_time	 notify_time	 construct_time	 first_explore_time	 scheduler_switch
0	146808.90 	95.81     	26266.93  	137.63    	5280.47   	14109.44  	4.40      	
