Throughput: 269.2026955381139
AverageTotalTimeBreakdownReport
thread_id	 total_time	 stream_process	 txn_process	 overheads
0	89069.27  	1041.65   	75147.80  	12879.81  
1	89058.13  	1048.74   	77255.25  	10754.15  
2	89024.96  	1013.47   	78195.93  	9815.56   
3	89034.75  	1031.17   	77359.36  	10644.23  
4	89052.66  	1020.46   	74963.39  	13068.82  
5	89043.30  	1056.80   	76403.52  	11582.98  
6	89007.48  	999.69    	68663.63  	19344.16  
7	89015.32  	976.53    	71777.84  	16260.95  
8	89066.52  	1034.63   	75845.29  	12186.60  
9	89049.28  	1040.51   	78582.54  	9426.23   
10	89035.85  	1005.49   	71038.20  	16992.17  
11	89043.64  	1047.89   	77228.68  	10767.06  
12	89057.80  	1031.87   	69682.44  	18343.48  
13	88988.82  	1007.13   	68018.86  	19962.83  
14	88997.29  	1012.29   	53419.22  	34565.79  
15	88993.46  	1017.22   	65524.75  	22451.50  
16	89101.06  	1096.13   	58171.44  	29833.49  
17	89056.64  	1042.74   	56009.48  	32004.42  
18	89076.06  	1046.63   	56321.66  	31707.77  
19	89066.92  	1040.40   	56205.21  	31821.31  
20	89056.09  	1074.36   	78949.99  	9031.73   
21	89018.69  	1056.48   	78739.03  	9223.18   
22	89051.34  	1093.26   	73989.25  	13968.83  
23	89049.13  	1089.79   	77852.65  	10106.69  
phase_id	 throughput
0	269.5349  	
SchedulerTimeBreakdownReport
thread_id	 explore_time	 next_time	 useful_time	 notify_time	 construct_time	 first_explore_time	 scheduler_switch
0	54174.70  	421.31    	18867.35  	4298.82   	10712.75  	21306.88  	0.00      	
1	70239.83  	205.73    	4957.24   	2975.38   	8568.68   	21288.80  	0.00      	
2	72624.15  	164.09    	3524.44   	1167.04   	7633.28   	21315.15  	0.00      	
3	72357.88  	128.86    	2932.42   	872.46    	8445.26   	21251.33  	0.00      	
4	70294.90  	116.08    	2594.87   	704.22    	10926.75  	21230.17  	0.00      	
5	72048.85  	105.53    	2314.28   	601.79    	9397.22   	21263.45  	0.00      	
6	64429.00  	100.63    	2186.59   	542.63    	17252.01  	21241.66  	0.00      	
7	67643.78  	92.98     	2052.14   	489.23    	14070.71  	21296.01  	0.00      	
8	71831.35  	80.31     	1931.58   	442.93    	9989.09   	21272.63  	0.00      	
9	74729.45  	79.00     	1795.69   	396.45    	7221.15   	21267.05  	0.00      	
10	67224.74  	70.74     	1741.18   	374.54    	14886.54  	21282.02  	0.00      	
11	73514.39  	57.72     	1651.91   	371.63    	8478.80   	21256.09  	0.00      	
12	66016.92  	67.23     	1586.36   	342.96    	16232.53  	21231.95  	0.00      	
13	64404.65  	65.76     	1571.39   	328.85    	17841.64  	21267.38  	0.00      	
14	49938.64  	52.76     	1435.52   	310.38    	32581.14  	21294.19  	0.00      	
15	62153.76  	73.82     	1313.70   	301.26    	20334.47  	21231.83  	0.00      	
16	54871.85  	54.34     	1221.48   	290.44    	27901.19  	21289.67  	0.00      	
17	52794.56  	44.56     	1118.07   	275.40    	29990.66  	21223.06  	0.00      	
18	53108.20  	43.82     	1088.41   	259.88    	29667.09  	21282.89  	0.00      	
19	53089.04  	42.35     	990.62    	259.25    	29831.55  	21206.35  	0.00      	
20	75907.93  	35.55     	929.79    	234.09    	7009.87   	21267.71  	0.00      	
21	75816.75  	29.35     	835.80    	213.94    	7164.85   	21284.61  	0.00      	
22	71144.42  	26.20     	759.33    	210.39    	11925.51  	21270.04  	0.00      	
23	74903.92  	22.06     	835.10    	193.11    	7979.09   	21251.64  	0.00      	
