Throughput: 662.1271000804162
AverageTotalTimeBreakdownReport
thread_id	 total_time	 stream_process	 txn_process	 overheads
0	36156.47  	1017.44   	23155.36  	11983.68  
1	36211.18  	1023.80   	24191.65  	10995.74  
2	36225.83  	1068.18   	24126.56  	11031.09  
3	36213.37  	1039.97   	23653.58  	11519.82  
4	36184.40  	1003.43   	24080.96  	11100.01  
5	36213.08  	1037.76   	24144.88  	11030.43  
6	36196.91  	1016.39   	22956.68  	12223.84  
7	36170.41  	993.43    	22684.75  	12492.23  
8	36168.29  	1011.48   	24220.96  	10935.85  
9	36202.31  	1008.59   	24401.70  	10792.02  
10	36170.10  	1004.95   	23964.18  	11200.97  
11	36221.48  	1052.89   	23455.85  	11712.74  
12	36192.66  	1034.61   	23846.39  	11311.66  
13	36232.56  	1041.32   	22853.45  	12337.79  
14	36194.48  	1035.52   	23703.08  	11455.88  
15	36210.94  	1041.66   	22716.02  	12453.26  
16	36223.99  	1018.58   	24274.50  	10930.90  
17	36255.14  	1088.50   	23875.06  	11291.58  
18	36184.21  	1018.53   	23623.90  	11541.78  
19	36233.45  	1066.86   	23546.10  	11620.49  
20	36223.17  	1068.93   	24329.24  	10825.00  
21	36230.25  	1053.24   	24467.87  	10709.14  
22	36211.00  	1034.78   	24397.56  	10778.67  
23	36179.70  	1041.90   	23642.82  	11494.98  
phase_id	 throughput
0	662.9033  	
SchedulerTimeBreakdownReport
thread_id	 explore_time	 next_time	 useful_time	 notify_time	 construct_time	 first_explore_time	 scheduler_switch
0	17443.11  	116.29    	3957.87   	842.04    	9714.04   	12458.69  	0.00      	
1	18544.78  	117.16    	3884.66   	853.79    	8791.35   	12431.72  	0.00      	
2	18479.56  	117.55    	3892.95   	844.42    	8815.95   	12487.52  	0.00      	
3	18027.25  	119.03    	3853.66   	845.99    	9218.62   	12427.52  	0.00      	
4	18486.84  	120.49    	3833.86   	844.10    	8850.47   	12507.21  	0.00      	
5	18466.58  	125.28    	3922.98   	842.02    	8794.91   	12505.36  	0.00      	
6	17282.87  	126.05    	3910.81   	848.65    	9869.06   	12474.22  	0.00      	
7	17004.89  	120.37    	3921.72   	830.34    	10161.03  	12512.03  	0.00      	
8	18570.79  	122.62    	3889.19   	863.33    	8716.44   	12442.84  	0.00      	
9	18798.69  	120.05    	3836.93   	837.44    	8639.37   	12474.62  	0.00      	
10	18347.46  	123.59    	3866.72   	844.87    	8918.57   	12417.73  	0.00      	
11	17841.70  	122.24    	3849.20   	834.37    	9334.75   	12423.28  	0.00      	
12	18154.50  	126.10    	3932.71   	853.71    	8993.07   	12454.12  	0.00      	
13	17154.34  	120.69    	3927.78   	854.44    	10001.87  	12426.41  	0.00      	
14	18081.54  	127.52    	3857.79   	836.55    	9099.05   	12420.82  	0.00      	
15	16943.61  	124.65    	4005.56   	842.89    	10167.42  	12450.51  	0.00      	
16	18578.15  	119.60    	3912.83   	840.54    	8728.02   	12446.54  	0.00      	
17	18148.06  	126.40    	3953.88   	839.30    	9037.62   	12465.81  	0.00      	
18	17951.10  	124.71    	3879.27   	858.46    	9245.20   	12450.31  	0.00      	
19	17901.33  	123.85    	3870.89   	832.43    	9310.74   	12465.06  	0.00      	
20	18711.70  	121.91    	3840.22   	843.50    	8701.41   	12466.02  	0.00      	
21	18834.44  	123.76    	3855.21   	843.11    	8653.01   	12494.69  	0.00      	
22	18748.84  	123.25    	3858.16   	847.78    	8728.31   	12464.35  	0.00      	
23	17967.53  	127.43    	3906.12   	825.40    	9250.93   	12430.71  	0.00      	
