Throughput: 49.670004872480284
AverageTotalTimeBreakdownReport
thread_id	 total_time	 stream_process	 txn_process	 overheads
0	161052.56 	15263.93  	145412.16 	376.46    
1	161060.56 	15881.37  	144783.24 	395.95    
2	161062.07 	15926.15  	144743.14 	392.78    
3	161062.09 	15938.44  	144731.19 	392.45    
4	161058.47 	15767.92  	144914.28 	376.28    
5	161059.21 	15495.90  	145170.34 	392.97    
6	161053.51 	15291.15  	145359.13 	403.23    
7	161052.74 	14564.07  	146084.64 	404.03    
phase_id	 throughput
0	75.6962   	
1	87.2428   	
2	98.7814   	
3	100.2747  	
4	99.9369   	
5	91.4848   	
6	99.8166   	
7	91.6040   	
8	91.8749   	
9	90.4513   	
10	93.9914   	
11	26.8417   	
12	87.5766   	
13	87.3242   	
14	86.4365   	
15	72.6338   	
16	71.9160   	
17	76.8148   	
18	68.3913   	
19	68.9341   	
20	64.1249   	
21	47.1382   	
22	48.7416   	
23	49.7396   	
24	47.0678   	
25	48.1434   	
26	47.5954   	
27	36.6823   	
28	40.7484   	
29	46.8829   	
30	28.6444   	
31	29.7338   	
32	30.2359   	
33	32.5805   	
34	31.8744   	
35	31.2420   	
36	33.4077   	
37	19.2022   	
38	30.1838   	
SchedulerTimeBreakdownReport
thread_id	 explore_time	 next_time	 useful_time	 notify_time	 construct_time	 first_explore_time	 scheduler_switch
0	74386.35  	1220.05   	70645.52  	678.76    	5332.27   	18640.42  	0.09      	
1	89576.82  	4721.62   	54827.46  	608.69    	5259.52   	16824.30  	0.06      	
2	112523.71 	12070.33  	31801.18  	445.56    	5287.70   	14255.54  	0.06      	
3	118139.39 	11787.41  	26201.27  	374.55    	5337.50   	13448.67  	0.09      	
4	121357.00 	8023.48   	23165.93  	332.63    	5218.12   	12531.58  	0.06      	
5	123714.76 	1876.36   	21060.70  	302.52    	5274.48   	11994.43  	0.06      	
6	125356.89 	1293.92   	19611.38  	233.14    	5315.93   	11803.61  	0.06      	
7	127171.54 	1088.48   	18509.31  	227.07    	5389.74   	11518.30  	0.08      	
