Throughput: 522.3957050026353
AverageTotalTimeBreakdownReport
thread_id	 total_time	 stream_process	 txn_process	 overheads
0	45938.12  	3018.79   	24235.18  	18684.15  
1	45923.51  	2761.17   	24580.78  	18581.57  
2	45685.72  	2661.38   	24755.55  	18268.80  
3	45906.18  	2796.19   	24345.17  	18764.81  
4	45918.56  	2745.27   	24568.89  	18604.41  
5	45951.39  	2922.52   	24611.58  	18417.29  
6	45952.88  	2914.96   	24408.84  	18629.07  
7	45923.43  	2734.72   	24419.69  	18769.01  
8	45682.86  	2703.92   	24925.30  	18053.64  
9	45900.00  	2696.66   	24296.39  	18906.95  
10	45896.77  	2725.60   	24464.74  	18706.44  
11	45681.25  	2616.18   	24519.18  	18545.89  
12	45899.34  	2724.33   	24353.77  	18821.24  
13	45933.70  	2888.42   	24228.28  	18816.99  
14	45790.19  	2643.23   	24780.90  	18366.06  
15	45900.80  	2726.45   	24715.09  	18459.26  
16	45902.43  	2746.61   	24271.07  	18884.75  
17	45894.55  	2747.88   	24227.29  	18919.38  
18	45659.11  	2652.56   	23104.40  	19902.16  
19	45877.90  	2720.15   	24297.03  	18860.72  
20	45870.04  	2768.20   	24655.18  	18446.67  
21	45777.24  	2700.99   	24896.94  	18179.31  
22	45831.67  	2728.90   	24732.70  	18370.08  
23	44718.76  	2601.45   	24781.22  	17336.09  
phase_id	 throughput
0	523.9296  	
SchedulerTimeBreakdownReport
thread_id	 explore_time	 next_time	 useful_time	 notify_time	 construct_time	 first_explore_time	 scheduler_switch
0	18283.58  	2786.73   	3055.36   	253.32    	14378.57  	2819.16   	0.00      	
1	18701.42  	2680.74   	3034.07   	267.61    	14087.74  	2853.92   	0.00      	
2	19078.24  	2689.11   	2831.96   	226.63    	14030.36  	2872.99   	0.00      	
3	18813.65  	2710.18   	2726.61   	213.64    	14254.17  	2825.55   	0.00      	
4	19035.09  	2664.09   	2677.17   	195.65    	14150.06  	2836.23   	0.00      	
5	18957.28  	3066.72   	2874.71   	209.13    	14086.59  	2874.35   	0.00      	
6	18450.19  	2491.27   	3151.39   	240.66    	14158.02  	2851.04   	0.00      	
7	18618.16  	1991.74   	2964.95   	227.19    	14242.16  	2921.01   	0.00      	
8	19340.88  	1454.61   	2797.36   	234.91    	13896.79  	2923.60   	0.00      	
9	18748.49  	809.66    	2710.22   	203.59    	14304.77  	2825.82   	0.00      	
10	18893.18  	397.17    	2728.59   	209.98    	14216.93  	2840.00   	0.00      	
11	18811.74  	3031.32   	2865.35   	215.35    	14173.50  	2862.55   	0.00      	
12	18486.17  	3311.40   	3036.79   	246.80    	14252.71  	2829.09   	0.00      	
13	18357.04  	3497.61   	3056.29   	233.87    	14430.15  	2810.08   	0.00      	
14	18945.71  	3658.32   	2986.17   	252.95    	13970.65  	2922.77   	0.00      	
15	18839.76  	3694.84   	3020.63   	234.83    	14051.68  	2855.97   	0.00      	
16	18401.17  	4011.62   	3023.68   	224.43    	14239.63  	2820.05   	0.00      	
17	18288.65  	3898.85   	3104.66   	258.69    	14346.81  	2830.82   	0.00      	
18	17174.38  	4116.29   	3091.23   	257.94    	15466.87  	2943.96   	0.00      	
19	18319.61  	4142.70   	3138.21   	268.76    	14334.38  	2841.76   	0.00      	
20	18768.23  	4126.47   	3047.92   	258.34    	14027.13  	2848.52   	0.00      	
21	19011.01  	4210.44   	3067.94   	244.80    	13961.77  	2978.52   	0.00      	
22	18874.28  	4240.77   	3033.12   	211.03    	14015.78  	2869.68   	0.00      	
23	18929.87  	4154.30   	3024.00   	233.45    	13986.15  	2918.34   	0.00      	
