Throughput: 310.1652025992389
AverageTotalTimeBreakdownReport
thread_id	 total_time	 stream_process	 txn_process	 overheads
0	77295.26  	1984.95   	54689.92  	20620.39  
1	77304.32  	1976.81   	54938.05  	20389.46  
2	77181.89  	1919.79   	59153.70  	16108.40  
3	77295.49  	1993.20   	59407.75  	15894.54  
4	77299.32  	2057.33   	58454.75  	16787.24  
5	77074.75  	1965.33   	59357.54  	15751.88  
6	77306.44  	1980.46   	59309.85  	16016.14  
7	77313.94  	2074.44   	58114.49  	17125.01  
8	77277.91  	1960.87   	59260.78  	16056.27  
9	77290.22  	1930.25   	59595.97  	15764.00  
10	77313.91  	2099.01   	59312.49  	15902.40  
11	77227.36  	1980.04   	58644.79  	16602.52  
12	77309.20  	2005.07   	58900.59  	16403.54  
13	77300.41  	1990.05   	57525.38  	17784.98  
14	77289.43  	2016.90   	58841.52  	16431.01  
15	77298.22  	1975.37   	55703.99  	19618.85  
16	77150.50  	1951.65   	59326.17  	15872.68  
17	77290.08  	2021.41   	55271.68  	19996.98  
18	77265.23  	1997.68   	58000.88  	17266.68  
19	77280.46  	2016.61   	58942.38  	16321.48  
20	77210.42  	1904.05   	49922.92  	25383.45  
21	76326.71  	1970.20   	57550.14  	16806.37  
22	77197.47  	1918.77   	56265.81  	19012.88  
23	77177.18  	1904.62   	58520.27  	16752.28  
phase_id	 throughput
0	310.8030  	
SchedulerTimeBreakdownReport
thread_id	 explore_time	 next_time	 useful_time	 notify_time	 construct_time	 first_explore_time	 scheduler_switch
0	30197.15  	188.02    	21495.18  	1228.63   	15987.82  	7204.08   	0.00      	
1	46171.73  	98.76     	5865.59   	362.91    	15737.91  	4742.68   	0.00      	
2	51862.57  	76.70     	4366.75   	267.43    	11463.57  	3822.63   	0.00      	
3	52663.61  	7343.52   	3833.33   	215.95    	11221.34  	3695.13   	0.00      	
4	52106.11  	7472.97   	3481.39   	203.89    	11981.57  	3510.99   	0.00      	
5	53313.79  	7914.19   	3175.47   	195.78    	11302.14  	3512.60   	0.00      	
6	53450.00  	7407.38   	2925.89   	183.49    	11358.39  	3423.98   	0.00      	
7	52345.52  	8691.36   	2803.66   	172.89    	12268.08  	3344.55   	0.00      	
8	53587.42  	8638.79   	2726.92   	175.93    	11409.24  	3348.83   	0.00      	
9	54137.08  	8660.96   	2492.68   	169.01    	11178.18  	3396.99   	0.00      	
10	53940.12  	8665.27   	2439.41   	162.15    	11215.90  	3343.01   	0.00      	
11	53357.03  	9224.61   	2366.14   	160.29    	11844.54  	3260.69   	0.00      	
12	53692.22  	9341.06   	2254.36   	242.86    	11622.09  	3251.44   	0.00      	
13	52395.25  	9382.98   	2156.87   	164.38    	12992.50  	3209.04   	0.00      	
14	53734.51  	9501.87   	2166.42   	153.00    	11612.52  	3220.55   	0.00      	
15	50726.85  	9467.14   	2000.11   	150.52    	14884.32  	3175.01   	0.00      	
16	54287.41  	9569.34   	2077.35   	146.73    	11312.36  	3270.18   	0.00      	
17	50365.41  	9518.46   	1985.84   	153.18    	15411.75  	3148.00   	0.00      	
18	53421.44  	9627.21   	1651.15   	144.24    	12400.07  	3160.70   	0.00      	
19	54433.63  	9724.96   	1544.46   	136.73    	11484.81  	3083.92   	0.00      	
20	45484.70  	9552.71   	1439.31   	139.16    	20962.02  	3086.77   	0.00      	
21	53464.65  	9825.56   	1164.55   	100.98    	12836.97  	2855.06   	0.00      	
22	52217.29  	12004.10  	1055.20   	86.74     	14417.24  	2770.14   	0.00      	
23	54382.65  	12849.34  	1114.78   	66.58     	12024.12  	2752.70   	0.00      	
