Throughput: 104.07490399918095
AverageTotalTimeBreakdownReport
thread_id	 total_time	 stream_process	 txn_process	 overheads
0	157412.95 	10938.57  	145905.84 	568.54    
1	157400.12 	11923.13  	144907.35 	569.64    
2	157399.94 	11799.22  	145050.49 	550.24    
3	157412.55 	11684.37  	145195.26 	532.93    
4	157405.97 	11733.32  	145125.62 	547.02    
5	157410.53 	11743.03  	145123.86 	543.64    
6	157419.19 	11788.51  	145089.57 	541.11    
7	157407.96 	11649.44  	145173.89 	584.62    
8	157399.65 	11231.78  	145557.46 	610.41    
9	157396.07 	11199.96  	145590.71 	605.40    
10	157397.20 	10980.33  	145794.02 	622.85    
11	157396.15 	10308.07  	146470.04 	618.05    
12	157398.65 	10078.11  	146695.68 	624.86    
13	157400.58 	9908.95   	146870.47 	621.17    
14	157395.90 	10023.31  	146742.09 	630.50    
15	157401.73 	9783.59   	147068.78 	549.35    
phase_id	 throughput
0	159.0475  	
1	217.0232  	
2	234.3583  	
3	243.6385  	
4	67.2624   	
5	259.6730  	
6	211.5127  	
7	184.2079  	
8	162.7708  	
9	126.4244  	
10	109.9338  	
11	102.9969  	
12	89.0025   	
13	88.4528   	
14	85.1469   	
15	51.5564   	
16	48.0244   	
17	61.0188   	
18	66.5632   	
SchedulerTimeBreakdownReport
thread_id	 explore_time	 next_time	 useful_time	 notify_time	 construct_time	 first_explore_time	 scheduler_switch
0	71220.24  	1297.48   	73809.95  	535.72    	6591.01   	26788.39  	0.10      	
1	81984.78  	6224.29   	62039.76  	543.10    	6674.72   	26627.48  	0.05      	
2	72140.92  	3030.35   	72081.58  	577.21    	6518.82   	26991.51  	0.12      	
3	110058.22 	16890.94  	34254.24  	324.17    	6498.41   	24240.86  	0.06      	
4	107303.05 	16093.18  	37022.33  	342.03    	6510.43   	24387.29  	0.06      	
5	118623.60 	19994.19  	25643.30  	276.31    	6512.60   	22826.99  	0.05      	
6	114342.09 	18048.34  	29906.71  	295.81    	6501.14   	23112.54  	0.05      	
7	122351.41 	19497.18  	21951.24  	244.60    	6471.92   	22236.11  	0.05      	
8	118684.46 	19383.53  	26051.05  	292.42    	6491.31   	22946.04  	0.05      	
9	125012.79 	18594.28  	19716.70  	230.75    	6535.22   	21586.51  	0.05      	
10	121391.28 	12006.38  	23540.40  	272.64    	6593.67   	22246.62  	0.05      	
11	127414.62 	5598.82   	18147.49  	214.32    	6446.99   	21330.36  	0.05      	
12	123991.77 	3283.70   	21850.31  	237.13    	6561.30   	21987.90  	0.05      	
13	128888.61 	4259.79   	17090.38  	194.23    	6513.63   	21216.21  	0.09      	
14	125377.28 	1941.52   	20542.83  	229.46    	6566.84   	21770.52  	0.06      	
15	129989.49 	2111.98   	16195.11  	184.54    	6470.73   	20689.61  	0.08      	
