Throughput: 130.6240934320974
AverageTotalTimeBreakdownReport
thread_id	 total_time	 stream_process	 txn_process	 overheads
0	183732.14 	847.50    	117897.89 	64986.75  
1	183696.15 	819.27    	123620.75 	59256.13  
2	183735.35 	842.97    	169393.44 	13498.94  
3	183735.42 	861.84    	177896.70 	4976.88   
4	183707.97 	838.97    	135770.19 	47098.81  
5	183707.91 	860.87    	135906.47 	46940.57  
6	183696.75 	845.15    	174647.97 	8203.63   
7	183696.74 	835.40    	106828.79 	76032.55  
8	183672.80 	815.69    	130895.36 	51961.75  
9	183705.79 	840.33    	150413.13 	32452.33  
10	183670.32 	817.43    	155344.46 	27508.42  
11	183699.59 	870.68    	119942.48 	62886.43  
12	183726.91 	821.28    	130797.15 	52108.47  
13	183699.15 	830.90    	144833.03 	38035.22  
14	183724.88 	848.44    	109525.50 	73350.94  
15	183724.04 	852.85    	47287.19  	135584.01 
16	183661.26 	830.94    	88767.57  	94062.75  
17	183689.61 	858.12    	110472.62 	72358.87  
18	183689.22 	834.24    	73799.26  	109055.73 
19	183677.94 	826.78    	116729.44 	66121.71  
20	183687.26 	845.30    	176687.61 	6154.35   
21	183686.08 	791.23    	163215.18 	19679.67  
22	183650.25 	778.47    	166221.95 	16649.84  
23	183678.98 	770.61    	138734.52 	44173.85  
phase_id	 throughput
0	130.6492  	
SchedulerTimeBreakdownReport
thread_id	 explore_time	 next_time	 useful_time	 notify_time	 construct_time	 first_explore_time	 scheduler_switch
0	90948.18  	1.04      	25588.90  	16.66     	63106.24  	3114.13   	0.00      	
1	118197.88 	0.79      	4074.23   	257.47    	57380.86  	3067.73   	0.00      	
2	165164.96 	0.78      	2891.57   	93.69     	11628.26  	3061.86   	0.00      	
3	174202.17 	0.80      	2353.18   	71.70     	3156.47   	3112.86   	0.00      	
4	132326.53 	0.82      	2096.73   	62.72     	45237.15  	3108.20   	0.00      	
5	132656.26 	0.94      	1905.99   	58.42     	45081.56  	3067.89   	0.00      	
6	171545.71 	0.94      	1752.26   	53.51     	6381.90   	3121.81   	0.00      	
7	103806.14 	1.03      	1674.80   	44.63     	74151.81  	3067.96   	0.00      	
8	128024.18 	0.71      	1527.71   	41.57     	50104.90  	3113.94   	0.00      	
9	147586.98 	0.81      	1478.84   	40.28     	30605.32  	3074.26   	0.00      	
10	152591.14 	0.91      	1403.82   	35.78     	25693.06  	3078.21   	0.00      	
11	117239.75 	0.88      	1345.37   	34.24     	61058.21  	3045.55   	0.00      	
12	128184.09 	0.88      	1257.19   	31.36     	50125.01  	3108.69   	0.00      	
13	142247.76 	0.91      	1223.34   	28.21     	36159.71  	3101.15   	0.00      	
14	107008.86 	0.88      	1166.42   	27.09     	71263.61  	3082.85   	0.00      	
15	44830.90  	1.17      	1104.70   	25.63     	133450.48 	3100.84   	0.00      	
16	86419.37  	1.07      	995.95    	23.73     	92018.62  	3107.76   	0.00      	
17	108097.62 	1.01      	1021.21   	23.00     	70314.99  	3086.20   	0.00      	
18	71469.05  	0.99      	971.61    	22.05     	107093.94 	3070.39   	0.00      	
19	114427.73 	1.14      	942.51    	21.82     	64272.53  	3039.08   	0.00      	
20	174445.16 	0.91      	877.32    	20.01     	4350.86   	3130.75   	0.00      	
21	160930.80 	0.89      	874.28    	19.37     	17871.51  	3084.08   	0.00      	
22	163957.86 	0.90      	848.50    	16.37     	14877.97  	3073.87   	0.00      	
23	136550.87 	0.89      	757.48    	15.90     	42375.65  	3108.80   	0.00      	
