Throughput: 398.10751914053185
AverageTotalTimeBreakdownReport
thread_id	 total_time	 stream_process	 txn_process	 overheads
0	59960.83  	944.06    	40044.34  	18972.42  
1	59950.30  	947.14    	50631.31  	8371.84   
2	59962.37  	843.01    	51446.50  	7672.86   
3	59960.62  	896.78    	51449.08  	7614.77   
4	59960.83  	912.42    	46116.27  	12932.13  
5	59962.54  	867.69    	41982.71  	17112.14  
6	59960.79  	889.02    	48576.73  	10495.03  
7	59960.12  	963.96    	40518.16  	18478.00  
8	59960.75  	945.89    	50486.01  	8528.85   
9	60213.37  	1208.43   	49708.99  	9295.94   
10	59960.64  	916.01    	50182.28  	8862.35   
11	60016.15  	1093.47   	48623.53  	10299.14  
12	60005.20  	1058.36   	47135.19  	11811.65  
13	59978.68  	1077.99   	37974.64  	20926.05  
14	59986.05  	1095.42   	21481.38  	37409.25  
15	59956.37  	993.74    	29291.62  	29671.01  
16	59956.04  	1013.24   	30175.20  	28767.60  
17	59955.63  	997.66    	20557.57  	38400.40  
18	59950.98  	968.55    	33797.54  	25184.89  
19	59950.35  	957.44    	39674.79  	19318.12  
20	59950.78  	908.85    	48806.25  	10235.68  
21	59949.05  	862.20    	51780.76  	7306.10   
22	60257.27  	1245.31   	51062.97  	7948.99   
23	60048.66  	1084.73   	48050.14  	10913.79  
phase_id	 throughput
0	400.0634  	
SchedulerTimeBreakdownReport
thread_id	 explore_time	 next_time	 useful_time	 notify_time	 construct_time	 first_explore_time	 scheduler_switch
0	28284.83  	1.33      	10511.42  	95.14     	16578.85  	1496.94   	0.00      	
1	44217.64  	1.11      	5201.23   	337.96    	6102.09   	1497.83   	0.00      	
2	45683.94  	1.12      	4460.39   	253.01    	5685.04   	1527.00   	0.00      	
3	46487.56  	1.15      	3728.09   	227.90    	5622.21   	1543.01   	0.00      	
4	41403.45  	1.31      	3430.44   	218.32    	10638.74  	1496.63   	0.00      	
5	37490.92  	1.02      	3218.23   	205.51    	14930.99  	1478.06   	0.00      	
6	44353.21  	1.00      	2980.70   	212.99    	8432.25   	1497.89   	0.00      	
7	36395.20  	1.02      	2899.56   	191.40    	16027.77  	1504.44   	0.00      	
8	46533.22  	1.01      	2725.60   	192.66    	6308.53   	1535.49   	0.00      	
9	45465.22  	1.06      	2937.18   	168.29    	7358.70   	1484.17   	0.00      	
10	46280.13  	0.99      	2678.85   	177.29    	6798.86   	1536.32   	0.00      	
11	44731.66  	1.03      	2652.30   	169.21    	8199.31   	1527.76   	0.00      	
12	43440.34  	1.13      	2447.74   	161.83    	9879.11   	1470.62   	0.00      	
13	34195.25  	1.05      	2538.42   	160.99    	18401.03  	1470.82   	0.00      	
14	17863.72  	1.09      	2388.35   	136.86    	34793.27  	1475.43   	0.00      	
15	25921.81  	0.97      	2129.59   	129.28    	27236.60  	1493.30   	0.00      	
16	26632.91  	0.95      	2298.85   	130.26    	26349.66  	1449.70   	0.00      	
17	17156.36  	1.00      	2158.02   	106.89    	35876.90  	1523.17   	0.00      	
18	30364.45  	1.00      	2166.59   	107.34    	22773.65  	1482.06   	0.00      	
19	36372.73  	1.01      	2064.60   	105.49    	16931.26  	1499.45   	0.00      	
20	45776.94  	1.00      	1795.04   	96.17     	8152.20   	1537.61   	0.00      	
21	48821.15  	0.98      	1655.71   	97.53     	5355.77   	1550.98   	0.00      	
22	48119.55  	0.92      	1597.71   	93.56     	6054.75   	1511.59   	0.00      	
23	44790.85  	1.33      	1960.68   	103.02    	9039.81   	1473.40   	0.00      	
