Throughput: 239.5013365825928
AverageTotalTimeBreakdownReport
thread_id	 total_time	 stream_process	 txn_process	 overheads
0	100194.35 	742.52    	78572.56  	20879.26  
1	100214.43 	784.07    	44664.45  	54765.91  
2	100203.04 	747.57    	51913.67  	47541.81  
3	100203.14 	775.30    	90431.75  	8996.10   
4	100202.91 	782.77    	53534.53  	45885.61  
5	100202.91 	785.50    	76087.68  	23329.73  
6	100214.40 	779.32    	65445.16  	33989.93  
7	100202.94 	785.61    	30932.41  	68484.92  
8	100202.95 	778.84    	87227.93  	12196.17  
9	100213.47 	810.87    	92894.12  	6508.48   
10	100212.98 	792.85    	64618.86  	34801.27  
11	100210.78 	800.22    	88137.00  	11273.56  
12	100209.92 	824.75    	67012.55  	32372.61  
13	100194.28 	777.58    	38451.06  	60965.65  
14	100178.08 	802.97    	92574.30  	6800.81   
15	100176.83 	807.77    	88556.03  	10813.03  
16	100158.35 	798.83    	71859.00  	27500.52  
17	100168.65 	785.91    	82109.20  	17273.53  
18	100155.66 	800.93    	51652.03  	47702.71  
19	100154.08 	805.74    	29202.52  	70145.82  
20	100163.87 	807.19    	48334.62  	51022.06  
21	100162.19 	790.67    	91080.09  	8291.43   
22	100159.10 	759.98    	73649.75  	25749.38  
23	100145.69 	776.45    	79918.88  	19450.36  
phase_id	 throughput
0	239.5504  	
SchedulerTimeBreakdownReport
thread_id	 explore_time	 next_time	 useful_time	 notify_time	 construct_time	 first_explore_time	 scheduler_switch
0	60583.05  	1.04      	16539.06  	36.01     	19003.89  	1996.65   	0.00      	
1	38659.23  	1.07      	4595.90   	262.16    	52858.94  	1970.97   	0.00      	
2	47097.46  	1.16      	3366.91   	154.32    	45640.97  	1957.47   	0.00      	
3	86233.80  	1.02      	2794.62   	148.83    	7074.24   	2002.69   	0.00      	
4	49708.38  	1.21      	2426.01   	140.34    	43963.46  	1979.87   	0.00      	
5	72496.28  	1.05      	2198.10   	118.97    	21429.36  	1970.93   	0.00      	
6	62012.40  	1.34      	2028.72   	119.06    	32046.39  	1959.66   	0.00      	
7	27676.30  	1.03      	1855.87   	109.85    	66514.40  	1954.87   	0.00      	
8	84083.41  	1.00      	1739.31   	104.44    	10299.82  	2019.93   	0.00      	
9	89858.46  	1.11      	1630.27   	110.06    	4643.59   	2039.71   	0.00      	
10	61661.27  	1.17      	1541.84   	90.06     	32891.90  	1966.93   	0.00      	
11	85255.35  	1.20      	1484.83   	86.00     	9370.88   	1998.39   	0.00      	
12	64168.35  	1.18      	1442.61   	77.52     	30435.87  	1963.88   	0.00      	
13	35673.94  	1.08      	1373.04   	92.87     	59014.56  	1990.29   	0.00      	
14	89833.53  	1.10      	1336.77   	93.92     	4962.52   	2010.09   	0.00      	
15	85860.59  	1.04      	1292.98   	64.70     	8955.39   	1984.69   	0.00      	
16	69188.36  	1.08      	1267.60   	60.55     	25612.96  	2027.40   	0.00      	
17	79474.89  	1.08      	1224.80   	52.00     	15295.48  	2024.24   	0.00      	
18	49078.24  	1.14      	1162.64   	50.41     	45611.23  	1997.25   	0.00      	
19	26625.43  	1.48      	1161.29   	44.10     	68082.03  	2026.01   	0.00      	
20	45768.43  	1.09      	1145.50   	51.70     	48917.25  	1948.56   	0.00      	
21	88520.88  	0.97      	1121.67   	46.54     	6377.21   	2034.48   	0.00      	
22	71090.06  	1.03      	1076.37   	39.56     	23928.33  	2014.97   	0.00      	
23	77310.06  	1.00      	1138.58   	35.27     	17663.00  	1981.48   	0.00      	
