Throughput: 749.3352142574123
AverageTotalTimeBreakdownReport
thread_id	 total_time	 stream_process	 txn_process	 overheads
0	32024.47  	882.91    	20738.24  	10403.32  
1	32023.02  	885.97    	22211.59  	8925.46   
2	32023.15  	908.39    	21862.42  	9252.34   
3	32023.10  	876.23    	20893.62  	10253.25  
4	32022.81  	864.60    	21332.13  	9826.08   
5	32021.97  	859.45    	21431.08  	9731.44   
6	32020.54  	851.30    	20741.51  	10427.74  
7	32020.00  	884.83    	19454.39  	11680.78  
8	32018.82  	873.89    	21941.03  	9203.90   
9	32018.08  	875.89    	21630.34  	9511.85   
10	32019.88  	875.97    	20867.89  	10276.02  
11	32012.73  	869.93    	21771.23  	9371.57   
12	32011.92  	848.15    	15582.25  	15581.52  
13	32017.73  	883.44    	18192.70  	12941.59  
14	32009.88  	873.18    	15995.91  	15140.79  
15	32009.47  	855.32    	16288.90  	14865.24  
16	32008.12  	875.24    	20736.17  	10396.71  
17	32007.05  	858.55    	19035.05  	12113.45  
18	32006.46  	832.95    	17943.42  	13230.09  
19	32005.24  	865.34    	14889.48  	16250.42  
20	31997.81  	870.52    	21383.77  	9743.53   
21	31996.19  	833.74    	21487.84  	9674.61   
22	32000.55  	830.78    	21160.66  	10009.11  
23	31993.38  	850.47    	20244.32  	10898.59  
phase_id	 throughput
0	749.6951  	
SchedulerTimeBreakdownReport
thread_id	 explore_time	 next_time	 useful_time	 notify_time	 construct_time	 first_explore_time	 scheduler_switch
0	16322.26  	1.42      	3199.67   	254.57    	8039.64   	1750.17   	0.00      	
1	17899.44  	1.28      	3101.98   	253.15    	6617.67   	1778.16   	0.00      	
2	17546.22  	1.30      	3115.14   	252.67    	6919.75   	1768.80   	0.00      	
3	16573.18  	1.28      	3104.29   	244.41    	7867.41   	1789.78   	0.00      	
4	17013.19  	1.24      	3085.14   	250.23    	7400.90   	1769.26   	0.00      	
5	17111.08  	1.19      	3089.87   	247.05    	7352.69   	1791.21   	0.00      	
6	16355.17  	1.24      	3154.39   	239.74    	8010.59   	1769.76   	0.00      	
7	15098.18  	1.38      	3128.09   	255.50    	9270.19   	1770.30   	0.00      	
8	17537.33  	1.25      	3164.02   	267.53    	6849.29   	1784.00   	0.00      	
9	17233.63  	1.20      	3183.53   	243.00    	7115.00   	1763.76   	0.00      	
10	16406.92  	1.70      	3250.86   	249.13    	7876.41   	1746.82   	0.00      	
11	17309.00  	1.57      	3230.68   	253.57    	6996.10   	1791.19   	0.00      	
12	11073.49  	1.25      	3282.99   	253.31    	13152.34  	1734.61   	0.00      	
13	13723.92  	1.31      	3242.75   	256.50    	10469.17  	1769.48   	0.00      	
14	11564.33  	1.23      	3203.58   	243.67    	12613.99  	1763.47   	0.00      	
15	11834.67  	1.21      	3204.62   	251.88    	12372.12  	1759.20   	0.00      	
16	16307.19  	1.20      	3194.74   	235.32    	7973.14   	1763.12   	0.00      	
17	14692.67  	1.24      	3120.67   	260.02    	9648.21   	1781.78   	0.00      	
18	13620.03  	1.19      	3076.66   	243.81    	10784.12  	1775.04   	0.00      	
19	10605.19  	1.23      	3077.75   	250.42    	13833.67  	1781.64   	0.00      	
20	17051.27  	1.49      	3096.93   	253.15    	7366.16   	1772.47   	0.00      	
21	17081.96  	1.27      	3123.27   	245.46    	7349.55   	1786.01   	0.00      	
22	16753.48  	1.28      	3110.65   	251.02    	7712.15   	1761.84   	0.00      	
23	15823.94  	1.27      	3135.77   	229.69    	8613.49   	1739.29   	0.00      	
