Throughput: 605.5831920547678
AverageTotalTimeBreakdownReport
thread_id	 total_time	 stream_process	 txn_process	 overheads
0	39624.57  	872.35    	29207.25  	9544.97   
1	39627.49  	877.25    	30055.47  	8694.77   
2	39546.37  	851.62    	28327.28  	10367.47  
3	39628.02  	864.29    	29841.99  	8921.74   
4	39545.81  	863.75    	29933.73  	8748.34   
5	39627.98  	882.39    	29131.09  	9614.50   
6	39547.11  	855.29    	20653.27  	18038.55  
7	39627.83  	870.80    	26762.40  	11994.62  
8	39627.98  	878.61    	17596.58  	21152.79  
9	39626.52  	889.63    	29789.96  	8946.93   
10	39548.91  	860.22    	30107.28  	8581.41   
11	39624.25  	815.38    	28976.59  	9832.28   
12	39624.26  	868.13    	26062.65  	12693.48  
13	39623.28  	871.36    	27620.87  	11131.05  
14	39622.04  	885.67    	27460.69  	11275.68  
15	39615.02  	887.85    	28924.59  	9802.58   
16	39614.62  	865.01    	22944.44  	15805.16  
17	39614.73  	874.25    	23165.35  	15575.14  
18	39607.86  	871.28    	23117.53  	15619.04  
19	39604.93  	864.97    	22767.56  	15972.39  
20	39604.97  	903.19    	29967.32  	8734.47   
21	39602.50  	850.76    	30205.80  	8545.94   
22	39589.60  	895.23    	30143.20  	8551.17   
23	39590.80  	873.92    	21981.75  	16735.13  
phase_id	 throughput
0	605.9860  	
SchedulerTimeBreakdownReport
thread_id	 explore_time	 next_time	 useful_time	 notify_time	 construct_time	 first_explore_time	 scheduler_switch
0	22063.24  	1.28      	5929.39   	131.84    	7448.79   	1071.77   	0.00      	
1	24424.79  	1.57      	4444.76   	248.86    	6660.75   	1063.46   	0.00      	
2	23081.73  	1.09      	4051.04   	207.53    	8291.12   	1073.57   	0.00      	
3	24773.62  	1.07      	3868.02   	200.55    	6763.44   	1025.18   	0.00      	
4	25081.55  	1.03      	3654.40   	195.62    	6681.15   	1073.57   	0.00      	
5	24495.46  	1.27      	3445.82   	194.02    	7447.10   	1014.29   	0.00      	
6	16078.47  	1.05      	3378.81   	198.06    	15872.69  	1038.60   	0.00      	
7	22304.03  	1.02      	3257.12   	192.48    	9852.99   	1069.83   	0.00      	
8	13263.58  	1.16      	3133.30   	183.93    	18913.60  	1066.47   	0.00      	
9	25604.62  	1.01      	2992.78   	170.29    	6761.35   	1021.17   	0.00      	
10	25970.75  	1.11      	2937.87   	171.74    	6537.60   	1088.83   	0.00      	
11	24858.40  	1.05      	2870.30   	181.90    	7678.63   	1052.26   	0.00      	
12	21951.01  	1.04      	2906.60   	185.20    	10519.34  	1028.18   	0.00      	
13	23587.14  	1.39      	2812.09   	182.67    	8991.86   	1021.42   	0.00      	
14	23585.19  	1.10      	2679.19   	175.68    	9118.06   	1061.85   	0.00      	
15	25087.66  	1.09      	2635.35   	170.80    	7638.04   	1057.78   	0.00      	
16	19139.61  	1.24      	2602.11   	159.29    	13536.10  	1069.06   	0.00      	
17	19392.66  	1.18      	2566.99   	166.36    	13305.49  	1009.13   	0.00      	
18	19399.20  	1.22      	2504.41   	147.49    	13333.31  	1035.37   	0.00      	
19	19094.20  	1.03      	2463.16   	140.13    	13722.52  	1009.11   	0.00      	
20	26359.04  	1.28      	2406.29   	143.76    	6634.09   	1057.08   	0.00      	
21	26600.89  	0.97      	2337.59   	131.17    	6518.79   	1078.66   	0.00      	
22	26554.81  	1.02      	2334.18   	141.04    	6576.81   	1066.20   	0.00      	
23	18257.11  	1.13      	2479.55   	143.24    	14691.76  	1001.82   	0.00      	
