Throughput: 779.864460042356
AverageTotalTimeBreakdownReport
thread_id	 total_time	 stream_process	 txn_process	 overheads
0	30636.81  	1201.65   	16236.88  	13198.28  
1	30726.18  	1303.88   	16336.72  	13085.57  
2	30705.08  	1286.15   	15032.10  	14386.83  
3	30717.50  	1300.12   	14675.74  	14741.64  
4	30663.49  	1262.65   	14475.72  	14925.12  
5	30711.00  	1304.97   	14555.07  	14850.96  
6	30710.30  	1291.30   	14916.22  	14502.77  
7	30708.67  	1289.58   	15520.08  	13899.01  
8	30654.47  	1224.47   	16645.62  	12784.38  
9	30654.27  	1240.56   	16298.54  	13115.18  
10	30554.71  	1174.71   	15712.11  	13667.88  
11	30648.73  	1248.94   	16315.17  	13084.62  
12	30558.65  	1181.88   	16422.31  	12954.47  
13	30642.14  	1250.47   	16462.92  	12928.76  
14	30636.99  	1209.99   	16543.70  	12883.29  
15	30633.17  	1200.85   	15433.54  	13998.78  
16	30684.02  	1207.46   	16588.39  	12888.17  
17	30632.14  	1248.23   	16598.59  	12785.31  
18	30635.27  	1246.26   	15669.88  	13719.13  
19	30634.49  	1249.37   	16109.51  	13275.60  
20	30572.63  	1204.47   	16893.71  	12474.44  
21	30632.74  	1259.89   	16884.67  	12488.18  
22	30667.20  	1233.45   	16805.08  	12628.68  
23	30620.87  	1214.11   	16589.35  	12817.41  
phase_id	 throughput
0	782.9919  	
SchedulerTimeBreakdownReport
thread_id	 explore_time	 next_time	 useful_time	 notify_time	 construct_time	 first_explore_time	 scheduler_switch
0	11189.69  	1453.90   	3472.53   	141.73    	10638.23  	2051.72   	0.00      	
1	11146.33  	1481.07   	3599.52   	154.49    	10482.59  	2060.54   	0.00      	
2	9743.34   	1358.16   	3690.11   	160.49    	11670.88  	2030.60   	0.00      	
3	9374.68   	1271.80   	3710.73   	151.10    	12078.27  	2005.33   	0.00      	
4	9194.90   	1464.43   	3672.16   	138.98    	12250.61  	2099.88   	0.00      	
5	9261.86   	1447.32   	3708.46   	154.32    	12145.00  	2030.57   	0.00      	
6	9731.15   	1463.90   	3573.64   	152.16    	11792.37  	2037.15   	0.00      	
7	10445.25  	1468.26   	3455.98   	144.74    	11209.33  	2053.68   	0.00      	
8	11897.02  	1634.87   	3167.02   	131.84    	10279.92  	2080.52   	0.00      	
9	11536.86  	1823.27   	3173.11   	130.85    	10490.54  	2068.44   	0.00      	
10	10935.33  	1626.02   	3191.71   	135.41    	11118.01  	2058.13   	0.00      	
11	11320.91  	1599.63   	3375.76   	133.44    	10485.69  	2045.48   	0.00      	
12	11251.82  	1625.65   	3575.30   	128.99    	10351.93  	2063.63   	0.00      	
13	11310.21  	1540.79   	3550.46   	134.14    	10340.99  	2076.33   	0.00      	
14	11514.23  	1614.84   	3423.08   	130.92    	10311.21  	2068.51   	0.00      	
15	10552.05  	1961.63   	3251.73   	115.89    	11421.87  	2012.01   	0.00      	
16	11761.30  	1948.05   	3146.73   	110.54    	10317.74  	2071.60   	0.00      	
17	11842.11  	1926.58   	3118.86   	109.59    	10310.33  	2076.02   	0.00      	
18	10847.06  	1862.69   	3184.56   	133.05    	11219.19  	2058.48   	0.00      	
19	11033.57  	1817.76   	3441.84   	132.86    	10724.27  	2044.35   	0.00      	
20	11729.59  	1827.45   	3564.84   	131.37    	10151.96  	2091.79   	0.00      	
21	11713.49  	1859.04   	3541.54   	131.88    	10162.96  	2090.05   	0.00      	
22	11604.79  	1887.33   	3535.36   	129.34    	10181.62  	2088.36   	0.00      	
23	11305.91  	1931.47   	3614.25   	127.63    	10308.77  	2072.47   	0.00      	
