Throughput: 253.84695428665023
AverageTotalTimeBreakdownReport
thread_id	 total_time	 stream_process	 txn_process	 overheads
0	94529.75  	1528.24   	74992.68  	18008.84  
1	94531.12  	1541.67   	77890.77  	15098.68  
2	94484.77  	1447.49   	82560.16  	10477.11  
3	94531.02  	1502.56   	76853.22  	16175.24  
4	94485.13  	1511.77   	74975.12  	17998.24  
5	94531.39  	1534.84   	76790.74  	16205.80  
6	94531.13  	1494.02   	63068.12  	29968.99  
7	94531.48  	1515.60   	68609.50  	24406.38  
8	94484.63  	1490.94   	79729.12  	13264.56  
9	94531.06  	1501.57   	81771.07  	11258.42  
10	94531.75  	1531.63   	81241.50  	11758.62  
11	94530.75  	1586.82   	75976.85  	16967.08  
12	94531.18  	1563.32   	73002.98  	19964.87  
13	94506.12  	1533.11   	76834.96  	16138.05  
14	94506.16  	1479.90   	82573.38  	10452.88  
15	94529.62  	1567.19   	81021.83  	11940.59  
16	94528.67  	1444.55   	79254.82  	13829.30  
17	94481.47  	1449.84   	55648.87  	37382.77  
18	94527.24  	1515.21   	53812.09  	39199.94  
19	94526.40  	1494.46   	55587.40  	37444.54  
20	94478.14  	1542.46   	58275.56  	34660.12  
21	94512.31  	1426.80   	81838.72  	11246.80  
22	94486.94  	1485.91   	75119.46  	17881.57  
23	94510.96  	1433.43   	73367.13  	19710.39  
phase_id	 throughput
0	253.9281  	
SchedulerTimeBreakdownReport
thread_id	 explore_time	 next_time	 useful_time	 notify_time	 construct_time	 first_explore_time	 scheduler_switch
0	49660.95  	202.30    	23291.22  	484.25    	14369.24  	9166.30   	0.00      	
1	70256.37  	4399.90   	5630.72   	145.95    	11501.05  	5452.89   	0.00      	
2	76775.79  	9692.32   	3774.91   	123.83    	6944.19   	3987.45   	0.00      	
3	71810.53  	10178.40  	3024.18   	106.22    	12514.12  	3606.75   	0.00      	
4	70345.94  	12220.66  	2642.41   	95.72     	14384.68  	3433.21   	0.00      	
5	72371.32  	12330.72  	2394.26   	92.22     	12547.38  	3347.97   	0.00      	
6	58825.28  	12597.98  	2205.69   	87.37     	26421.11  	3254.95   	0.00      	
7	64547.17  	13396.57  	2052.65   	80.68     	20733.97  	3196.81   	0.00      	
8	75782.48  	13423.51  	1926.52   	76.23     	9705.98   	3181.98   	0.00      	
9	77953.73  	13447.76  	1790.28   	72.82     	7738.38   	3157.50   	0.00      	
10	77522.01  	13406.39  	1705.35   	70.75     	8194.69   	3119.84   	0.00      	
11	72293.99  	13493.80  	1658.23   	67.49     	13342.08  	3079.55   	0.00      	
12	69381.30  	16095.78  	1621.26   	67.30     	16326.73  	3045.18   	0.00      	
13	73277.25  	15938.82  	1513.00   	69.93     	12494.81  	3062.48   	0.00      	
14	79101.02  	15993.00  	1443.28   	67.19     	6922.42   	3069.72   	0.00      	
15	77662.78  	15675.51  	1339.91   	66.34     	8411.88   	3016.59   	0.00      	
16	75777.07  	15694.23  	1282.81   	63.03     	10216.92  	2999.27   	0.00      	
17	52409.12  	15779.94  	1190.97   	62.99     	33859.72  	2943.60   	0.00      	
18	50629.23  	15802.82  	1128.78   	58.79     	35667.67  	3011.03   	0.00      	
19	52504.21  	15752.71  	1064.77   	58.58     	33743.69  	2913.80   	0.00      	
20	55222.55  	15987.15  	1018.04   	53.91     	31142.48  	2896.93   	0.00      	
21	78695.83  	15988.53  	944.89    	51.97     	7712.00   	2930.39   	0.00      	
22	72031.53  	16052.21  	896.29    	53.06     	14231.71  	2870.67   	0.00      	
23	69942.15  	19281.58  	1204.01   	37.50     	16111.58  	2791.34   	0.00      	
