Throughput: 275.1226446248735
AverageTotalTimeBreakdownReport
thread_id	 total_time	 stream_process	 txn_process	 overheads
0	87217.93  	653.60    	63130.13  	23434.20  
1	87235.60  	657.01    	77920.41  	8658.18   
2	87235.09  	637.55    	79050.21  	7547.33   
3	87235.52  	633.90    	76260.55  	10341.07  
4	87222.30  	614.77    	72701.84  	13905.70  
5	87235.02  	641.01    	76272.30  	10321.70  
6	87234.99  	619.74    	65948.22  	20667.03  
7	87234.49  	637.46    	73300.38  	13296.65  
8	87219.91  	633.23    	78370.95  	8215.74   
9	87232.68  	637.73    	78964.62  	7630.33   
10	87218.79  	615.92    	74084.22  	12518.65  
11	87218.62  	608.12    	63238.90  	23371.60  
12	87229.64  	625.14    	76636.97  	9967.53   
13	87226.20  	632.24    	57376.91  	29217.05  
14	87211.51  	620.85    	57543.61  	29047.06  
15	87211.06  	637.65    	58867.32  	27706.09  
16	87210.76  	644.01    	38625.55  	47941.20  
17	87221.59  	640.26    	57147.76  	29433.57  
18	87220.61  	610.85    	68623.67  	17986.09  
19	87220.58  	649.34    	70997.35  	15573.90  
20	87218.67  	637.04    	63390.65  	23190.98  
21	87214.34  	620.64    	79125.81  	7467.88   
22	87201.38  	609.99    	78619.18  	7972.22   
23	87200.56  	604.89    	77625.09  	8970.59   
phase_id	 throughput
0	275.1600  	
SchedulerTimeBreakdownReport
thread_id	 explore_time	 next_time	 useful_time	 notify_time	 construct_time	 first_explore_time	 scheduler_switch
0	48801.25  	5402.52   	13050.07  	4.37      	21354.90  	1491.92   	0.00      	
1	70194.72  	7829.14   	6467.21   	3.94      	6641.42   	1098.13   	0.00      	
2	72993.24  	13774.54  	4796.56   	2.85      	5555.24   	1042.44   	0.00      	
3	70798.83  	14280.86  	4183.09   	2.73      	8278.13   	986.22    	0.00      	
4	67758.61  	14703.84  	3677.73   	2.61      	11880.56  	962.64    	0.00      	
5	71771.93  	12185.34  	3233.17   	2.41      	8291.83   	950.04    	0.00      	
6	61624.01  	12309.61  	3046.56   	2.41      	18619.83  	928.60    	0.00      	
7	68979.74  	12579.96  	3055.86   	2.30      	11210.05  	921.62    	0.00      	
8	74272.46  	12508.08  	2826.03   	2.32      	6138.24   	920.86    	0.00      	
9	75116.07  	12506.19  	2574.79   	2.43      	5598.85   	911.34    	0.00      	
10	70269.13  	13027.46  	2544.52   	2.31      	10453.38  	900.23    	0.00      	
11	59350.12  	12918.66  	2612.13   	2.37      	21259.31  	874.69    	0.00      	
12	72891.07  	13021.65  	2470.23   	2.18      	7872.28   	893.71    	0.00      	
13	53730.39  	12289.79  	2372.03   	2.20      	26918.99  	863.84    	0.00      	
14	54136.62  	12311.91  	2133.68   	2.29      	26837.77  	857.96    	0.00      	
15	55540.16  	12251.05  	2057.52   	2.21      	25504.11  	855.34    	0.00      	
16	35165.41  	12412.75  	2187.50   	2.33      	45628.58  	894.74    	0.00      	
17	53694.15  	12708.97  	2178.39   	2.25      	27218.95  	844.31    	0.00      	
18	65288.42  	12949.80  	2042.05   	3.11      	15876.41  	869.61    	0.00      	
19	67769.12  	13051.63  	1953.21   	1.97      	13451.41  	865.52    	0.00      	
20	60220.59  	12931.84  	1889.85   	3.28      	21110.07  	849.36    	0.00      	
21	76054.73  	16538.29  	1758.24   	4.47      	5519.16   	886.55    	0.00      	
22	75669.70  	16596.65  	1608.97   	2.57      	5970.91   	870.82    	0.00      	
23	74258.74  	16179.65  	2018.87   	2.43      	7030.80   	864.24    	0.00      	
