Throughput: 367.204284789448
AverageTotalTimeBreakdownReport
thread_id	 total_time	 stream_process	 txn_process	 overheads
0	65340.45  	781.18    	48980.27  	15578.99  
1	65407.26  	781.30    	48755.35  	15870.60  
2	65402.72  	786.74    	53651.87  	10964.11  
3	65402.32  	782.39    	54576.61  	10043.32  
4	65402.69  	772.50    	51651.10  	12979.09  
5	65402.40  	799.23    	52909.30  	11693.87  
6	65407.20  	747.44    	51253.02  	13406.74  
7	65407.36  	757.46    	52017.44  	12632.46  
8	65402.69  	769.87    	54054.63  	10578.20  
9	65408.78  	778.59    	54265.33  	10364.86  
10	65405.89  	757.15    	35713.43  	28935.31  
11	65400.81  	753.84    	50363.11  	14283.86  
12	65399.87  	784.89    	54012.21  	10602.77  
13	65398.91  	764.09    	50286.79  	14348.02  
14	65403.05  	805.55    	53767.93  	10829.57  
15	65398.15  	770.56    	52766.14  	11861.45  
16	65396.13  	780.87    	54669.59  	9945.67   
17	65395.92  	767.69    	53805.39  	10822.84  
18	65390.34  	766.23    	53916.13  	10707.98  
19	65404.44  	760.38    	45162.42  	19481.64  
20	65392.14  	761.72    	46555.42  	18075.00  
21	65402.24  	714.48    	55347.08  	9340.68   
22	65390.30  	673.89    	55178.87  	9537.54   
23	65330.44  	675.67    	54839.69  	9815.07   
phase_id	 throughput
0	366.9976  	
SchedulerTimeBreakdownReport
thread_id	 explore_time	 next_time	 useful_time	 notify_time	 construct_time	 first_explore_time	 scheduler_switch
0	41217.39  	7744.26   	6281.06   	2.75      	13640.03  	1376.67   	0.00      	
1	42724.71  	12816.85  	4577.97   	2.74      	13871.89  	1244.40   	0.00      	
2	47971.29  	13415.48  	4223.65   	2.84      	9021.93   	1245.35   	0.00      	
3	49126.92  	14200.13  	3985.63   	2.53      	8144.87   	1226.41   	0.00      	
4	46412.77  	12426.72  	3761.79   	2.90      	11012.65  	1195.77   	0.00      	
5	47813.70  	12592.06  	3614.02   	2.56      	9691.84   	1194.17   	0.00      	
6	46315.15  	12690.75  	3451.69   	2.50      	11334.07  	1179.79   	0.00      	
7	47229.62  	12726.14  	3317.02   	2.70      	10607.73  	1164.00   	0.00      	
8	49407.36  	12829.07  	3170.18   	2.30      	8541.71   	1174.60   	0.00      	
9	49576.72  	12713.61  	3223.67   	2.72      	8328.40   	1173.26   	0.00      	
10	30924.11  	12361.73  	3327.28   	2.79      	26696.33  	1186.12   	0.00      	
11	45665.41  	12660.20  	3192.92   	2.62      	12261.56  	1137.98   	0.00      	
12	49413.13  	12708.54  	3119.78   	2.80      	8609.02   	1151.94   	0.00      	
13	45659.43  	12545.45  	3148.80   	2.54      	12306.47  	1126.90   	0.00      	
14	49331.98  	12501.54  	2973.44   	2.45      	8822.52   	1156.91   	0.00      	
15	48373.91  	12468.91  	2920.28   	2.38      	9854.03   	1123.54   	0.00      	
16	50334.38  	12620.87  	2850.15   	2.63      	7956.88   	1148.83   	0.00      	
17	49550.12  	12550.56  	2766.05   	2.34      	8837.25   	1136.24   	0.00      	
18	49727.26  	13070.05  	2693.01   	2.37      	8713.94   	1134.32   	0.00      	
19	41087.26  	12999.49  	2584.73   	4.74      	17359.23  	1099.11   	0.00      	
20	42549.44  	14323.97  	2520.02   	2.26      	15979.39  	1099.11   	0.00      	
21	51322.45  	14076.19  	2472.88   	1.96      	7525.22   	1146.45   	0.00      	
22	51172.14  	14096.37  	2426.53   	2.06      	7722.28   	1126.56   	0.00      	
23	50544.35  	14141.22  	2754.01   	2.28      	8048.95   	1139.59   	0.00      	
