Throughput: 177.31295566114366
AverageTotalTimeBreakdownReport
thread_id	 total_time	 stream_process	 txn_process	 overheads
0	135344.10 	1940.67   	110981.28 	22422.14  
1	135354.69 	1923.92   	58369.50  	75061.27  
2	135355.18 	1911.26   	45283.84  	88160.08  
3	135348.34 	1873.89   	64208.80  	69265.65  
4	135348.38 	1925.24   	81641.24  	51781.90  
5	135355.22 	1910.12   	112080.05 	21365.05  
6	135347.89 	1900.11   	87746.06  	45701.72  
7	135348.31 	1917.81   	100748.17 	32682.32  
8	135348.32 	1891.43   	85033.15  	48423.74  
9	135354.34 	1903.45   	107193.32 	26257.56  
10	135347.32 	1894.69   	110491.50 	22961.12  
11	135346.98 	1907.56   	108782.46 	24656.96  
12	135352.12 	2025.56   	101106.93 	32219.63  
13	135344.25 	1937.94   	69958.68  	63447.63  
14	135344.08 	1914.87   	93829.68  	39599.52  
15	135265.74 	1860.60   	112492.02 	20913.13  
16	135341.71 	1905.52   	110668.47 	22767.72  
17	135348.21 	1973.67   	101226.09 	32148.45  
18	135336.67 	1818.35   	118501.09 	15017.23  
19	135342.89 	1833.21   	119733.88 	13775.80  
20	135342.97 	1844.90   	121370.55 	12127.52  
21	135333.97 	1809.99   	112740.45 	20783.53  
22	135333.29 	1772.82   	126627.50 	6932.97   
23	135327.29 	1782.82   	125086.58 	8457.89   
phase_id	 throughput
0	177.3283  	
SchedulerTimeBreakdownReport
thread_id	 explore_time	 next_time	 useful_time	 notify_time	 construct_time	 first_explore_time	 scheduler_switch
0	87061.50  	3468.82   	22595.13  	2.69      	19672.35  	2211.80   	0.00      	
1	50987.43  	10291.01  	6085.18   	2.42      	71947.66  	1085.32   	0.00      	
2	39736.95  	12686.94  	4251.76   	2.35      	85009.04  	1039.23   	0.00      	
3	59481.92  	12890.57  	3366.85   	2.52      	66134.71  	955.87    	0.00      	
4	77404.16  	12900.83  	2930.72   	2.12      	48693.23  	939.25    	0.00      	
5	108174.13 	13035.30  	2599.32   	2.66      	18451.62  	932.21    	0.00      	
6	84032.77  	12991.73  	2394.25   	2.45      	42663.26  	913.67    	0.00      	
7	97200.70  	16052.92  	2241.05   	2.38      	29742.12  	895.92    	0.00      	
8	81671.00  	15973.19  	2056.81   	2.67      	45389.69  	890.44    	0.00      	
9	104029.69 	16051.90  	1858.64   	2.15      	23428.90  	885.70    	0.00      	
10	107470.34 	16118.66  	1714.67   	2.80      	20159.34  	881.54    	0.00      	
11	105830.68 	15952.19  	1640.25   	3.23      	21842.74  	877.30    	0.00      	
12	98184.93  	16166.59  	1608.50   	2.73      	29303.50  	876.03    	0.00      	
13	67121.79  	17326.55  	1523.69   	2.65      	60210.99  	859.15    	0.00      	
14	91064.32  	17291.48  	1450.96   	2.36      	36668.42  	858.63    	0.00      	
15	109778.59 	20400.49  	1402.67   	2.17      	18152.38  	866.00    	0.00      	
16	107958.93 	20478.98  	1397.78   	2.51      	19894.38  	860.12    	0.00      	
17	98563.46  	20495.16  	1344.05   	2.18      	29226.00  	853.69    	0.00      	
18	115852.25 	20690.78  	1313.25   	1.95      	12895.72  	862.56    	0.00      	
19	117130.42 	20624.87  	1270.25   	4.68      	11752.70  	861.94    	0.00      	
20	118805.03 	20708.39  	1247.69   	2.03      	10137.69  	869.78    	0.00      	
21	110152.62 	20678.50  	1197.63   	2.70      	18291.39  	857.08    	0.00      	
22	124091.57 	20683.84  	1167.30   	2.29      	5264.86   	870.06    	0.00      	
23	122434.14 	20185.23  	1277.70   	2.07      	6785.36   	865.88    	0.00      	
