Throughput: 145.29637881004285
AverageTotalTimeBreakdownReport
thread_id	 total_time	 stream_process	 txn_process	 overheads
0	165136.39 	797.90    	153446.98 	10891.51  
1	165161.90 	807.56    	61536.77  	102817.57 
2	165180.78 	818.01    	159702.87 	4659.91   
3	165164.29 	791.57    	64548.56  	99824.17  
4	165151.83 	785.44    	123798.84 	40567.55  
5	165140.00 	795.13    	157543.89 	6800.98   
6	165161.45 	793.87    	41537.69  	122829.88 
7	165161.61 	806.57    	92516.72  	71838.32  
8	165161.85 	791.12    	101503.34 	62867.39  
9	165140.02 	799.50    	98266.03  	66074.49  
10	165152.28 	800.70    	151582.03 	12769.55  
11	165179.76 	807.69    	107627.92 	56744.15  
12	165178.52 	807.09    	120103.28 	44268.16  
13	165158.43 	800.39    	140613.73 	23744.31  
14	165158.14 	820.31    	68598.26  	95739.58  
15	165147.07 	810.39    	141018.26 	23318.42  
16	165175.39 	812.87    	53574.41  	110788.10 
17	165155.90 	805.48    	57796.60  	106553.81 
18	165151.92 	812.95    	112136.04 	52202.94  
19	165151.42 	797.56    	88791.05  	75562.81  
20	165150.21 	801.25    	124581.41 	39767.55  
21	165148.69 	831.39    	143648.46 	20668.85  
22	165148.23 	786.68    	99391.71  	64969.85  
23	165142.62 	820.88    	143379.65 	20942.09  
phase_id	 throughput
0	145.3166  	
SchedulerTimeBreakdownReport
thread_id	 explore_time	 next_time	 useful_time	 notify_time	 construct_time	 first_explore_time	 scheduler_switch
0	127741.98 	258.81    	24288.25  	1.78      	9337.83   	2371.80   	0.00      	
1	56790.53  	11253.37  	3361.40   	1.49      	101130.57 	655.53    	0.00      	
2	156141.59 	11715.57  	2170.94   	1.25      	3023.93   	619.32    	0.00      	
3	61402.50  	11788.25  	1751.86   	1.54      	98120.25  	552.08    	0.00      	
4	120893.43 	11969.94  	1513.65   	1.97      	38933.42  	544.21    	0.00      	
5	154753.05 	13220.17  	1393.84   	2.21      	5188.83   	551.61    	0.00      	
6	38877.12  	13367.94  	1261.25   	1.91      	121095.71 	543.03    	0.00      	
7	89927.61  	13469.02  	1188.24   	2.00      	70167.14  	510.96    	0.00      	
8	98955.98  	12958.23  	1147.81   	1.88      	61185.16  	507.65    	0.00      	
9	95786.17  	13058.29  	1082.02   	1.95      	64465.09  	501.66    	0.00      	
10	149152.34 	13056.76  	1028.67   	2.13      	11115.80  	517.14    	0.00      	
11	105227.47 	12997.65  	1001.02   	2.07      	55043.14  	496.55    	0.00      	
12	117735.96 	13239.09  	963.03    	2.02      	42509.96  	495.68    	0.00      	
13	138279.81 	13095.61  	931.03    	4.32      	22077.89  	494.69    	0.00      	
14	66278.26  	12925.03  	917.55    	2.93      	94021.63  	480.68    	0.00      	
15	138743.01 	13000.53  	871.26    	2.03      	21555.95  	458.51    	0.00      	
16	51349.65  	12883.02  	819.85    	5.01      	108884.22 	433.81    	0.00      	
17	55541.34  	12733.49  	844.65    	4.87      	104725.67 	413.73    	0.00      	
18	109882.80 	12895.23  	831.21    	4.60      	50417.55  	407.23    	0.00      	
19	86569.57  	12873.99  	794.54    	5.04      	73751.53  	384.79    	0.00      	
20	122368.10 	12901.69  	801.92    	1.61      	38056.93  	385.02    	0.00      	
21	141429.27 	15019.05  	760.82    	1.67      	19120.84  	381.92    	0.00      	
22	97211.94  	14999.69  	715.87    	1.25      	63392.07  	357.97    	0.00      	
23	141305.15 	15116.32  	604.96    	1.06      	19420.46  	348.53    	0.00      	
