Throughput: 521.7819323050554
AverageTotalTimeBreakdownReport
thread_id	 total_time	 stream_process	 txn_process	 overheads
0	45964.83  	876.80    	35601.72  	9486.30   
1	45968.21  	839.50    	34894.49  	10234.22  
2	45899.01  	840.92    	35759.69  	9298.40   
3	45968.23  	844.86    	35779.54  	9343.83   
4	45968.16  	839.18    	32141.99  	12986.98  
5	45968.22  	839.91    	35519.17  	9609.14   
6	45967.97  	830.41    	34128.29  	11009.27  
7	45967.39  	854.06    	35339.36  	9773.97   
8	45967.25  	843.87    	34898.62  	10224.75  
9	45967.53  	844.19    	35490.59  	9632.75   
10	45968.26  	832.51    	36007.05  	9128.70   
11	45886.89  	825.24    	35726.95  	9334.71   
12	45966.44  	845.10    	33942.55  	11178.79  
13	45885.10  	838.70    	35167.33  	9879.07   
14	45965.26  	846.74    	34689.86  	10428.66  
15	45881.47  	825.01    	31093.25  	13963.21  
16	45962.61  	843.84    	30759.57  	14359.20  
17	45960.73  	835.61    	30471.53  	14653.59  
18	45955.82  	818.79    	29647.37  	15489.66  
19	45955.10  	821.24    	30041.06  	15092.80  
20	45953.74  	846.26    	35913.37  	9194.10   
21	45955.01  	817.16    	36090.40  	9047.45   
22	45952.70  	826.08    	36044.44  	9082.17   
23	45952.98  	852.37    	34865.03  	10235.57  
phase_id	 throughput
0	522.3028  	
SchedulerTimeBreakdownReport
thread_id	 explore_time	 next_time	 useful_time	 notify_time	 construct_time	 first_explore_time	 scheduler_switch
0	31927.07  	4521.76   	2454.72   	2.27      	6965.98   	916.00    	0.00      	
1	31170.43  	4620.50   	2515.29   	2.43      	7714.44   	925.62    	0.00      	
2	32040.23  	4652.93   	2497.27   	2.50      	6784.80   	923.17    	0.00      	
3	32138.04  	4708.56   	2420.79   	4.78      	6753.44   	922.35    	0.00      	
4	28480.32  	7391.71   	2453.55   	2.10      	10433.44  	894.51    	0.00      	
5	31811.74  	7371.67   	2487.91   	2.41      	7017.15   	919.37    	0.00      	
6	30449.02  	7355.36   	2460.23   	2.23      	8454.35   	926.76    	0.00      	
7	31745.17  	10222.03  	2386.88   	2.72      	7211.05   	927.09    	0.00      	
8	31259.72  	10195.85  	2424.23   	2.20      	7663.50   	902.02    	0.00      	
9	31806.26  	10100.13  	2474.69   	2.22      	7039.75   	907.55    	0.00      	
10	32383.11  	10180.59  	2403.61   	2.52      	6599.60   	940.28    	0.00      	
11	31938.01  	10025.56  	2574.94   	2.06      	6822.92   	913.38    	0.00      	
12	30247.70  	10196.83  	2493.19   	2.47      	8645.97   	916.67    	0.00      	
13	31453.51  	10139.89  	2513.09   	2.38      	7389.12   	930.61    	0.00      	
14	30933.92  	10055.64  	2539.85   	2.30      	7818.83   	932.21    	0.00      	
15	27399.51  	11186.92  	2479.78   	2.11      	11361.28  	908.54    	0.00      	
16	26994.21  	11065.16  	2547.25   	2.27      	11686.41  	897.63    	0.00      	
17	26668.42  	11055.52  	2597.81   	2.20      	11992.27  	908.91    	0.00      	
18	25865.36  	10996.59  	2553.04   	2.31      	12813.67  	954.02    	0.00      	
19	26308.87  	10929.89  	2507.83   	2.25      	12419.55  	905.00    	0.00      	
20	32181.13  	11389.50  	2515.58   	2.40      	6705.21   	956.82    	0.00      	
21	32242.21  	11207.55  	2590.24   	2.60      	6581.26   	942.96    	0.00      	
22	32116.21  	11028.77  	2644.92   	2.92      	6677.00   	922.44    	0.00      	
23	31115.24  	11048.57  	2486.30   	2.46      	7779.98   	907.68    	0.00      	
