Throughput: 127.23892922505726
AverageTotalTimeBreakdownReport
thread_id	 total_time	 stream_process	 txn_process	 overheads
0	188566.07 	801.86    	122961.09 	64803.12  
1	188548.74 	789.47    	79315.58  	108443.68 
2	188536.42 	782.64    	99538.11  	88215.68  
3	188565.68 	798.95    	174423.27 	13343.46  
4	188538.30 	775.76    	132505.90 	55256.64  
5	188566.97 	817.39    	124316.15 	63433.43  
6	188569.62 	811.84    	142919.49 	44838.29  
7	188567.09 	802.63    	143524.49 	44239.97  
8	188569.54 	817.58    	162877.69 	24874.26  
9	188567.02 	805.58    	65991.59  	121769.85 
10	188569.64 	839.27    	96542.65  	91187.72  
11	188565.52 	804.08    	153744.86 	34016.59  
12	188564.90 	816.75    	152959.55 	34788.60  
13	188533.63 	802.82    	141327.90 	46402.91  
14	188560.06 	834.01    	180155.59 	7570.46   
15	188527.88 	805.27    	169338.36 	18384.25  
16	188528.04 	802.68    	149314.77 	38410.58  
17	188557.87 	812.27    	103543.97 	84201.63  
18	188557.82 	815.68    	117279.45 	70462.70  
19	188537.33 	794.74    	97023.42  	90719.17  
20	188554.83 	824.68    	68262.41  	119467.74 
21	188553.94 	411.89    	181468.15 	6673.89   
22	188594.55 	270.40    	178158.50 	10165.64  
23	188548.35 	459.65    	171659.36 	16429.34  
phase_id	 throughput
0	127.2830  	
SchedulerTimeBreakdownReport
thread_id	 explore_time	 next_time	 useful_time	 notify_time	 construct_time	 first_explore_time	 scheduler_switch
0	87406.18  	249.56    	34240.31  	681.40    	62585.59  	9554.95   	0.00      	
1	74757.81  	45.13     	3267.58   	108.24    	106276.69 	3194.83   	0.00      	
2	96261.60  	501.07    	1977.10   	90.17     	86075.17  	1542.27   	0.00      	
3	171631.85 	158.05    	1500.49   	71.06     	11103.27  	1371.86   	0.00      	
4	129959.77 	17.61     	1238.50   	68.81     	53058.77  	1282.94   	0.00      	
5	121988.46 	32552.51  	1040.04   	64.33     	61259.11  	1211.56   	0.00      	
6	140685.96 	22050.10  	947.59    	61.06     	42601.78  	1166.16   	0.00      	
7	141361.73 	22165.66  	867.22    	56.54     	42012.53  	1146.95   	0.00      	
8	160785.33 	22742.19  	808.58    	53.30     	22635.44  	1131.93   	0.00      	
9	63946.05  	25897.13  	760.46    	50.08     	119564.00 	1135.39   	0.00      	
10	94541.93  	26026.15  	717.86    	51.02     	89036.27  	1088.98   	0.00      	
11	151759.59 	26240.65  	694.32    	45.93     	31767.79  	1093.57   	0.00      	
12	150992.07 	26438.00  	675.94    	44.23     	32565.40  	1083.05   	0.00      	
13	139352.68 	25844.60  	656.47    	46.46     	44228.94  	1068.46   	0.00      	
14	178239.35 	24861.03  	626.80    	41.07     	5323.79   	1085.00   	0.00      	
15	167438.04 	24704.15  	610.48    	43.44     	16187.31  	1061.32   	0.00      	
16	147420.46 	24818.83  	607.27    	40.23     	36238.69  	1056.70   	0.00      	
17	101661.06 	20102.43  	590.96    	39.83     	82022.65  	1044.09   	0.00      	
18	115398.36 	20095.32  	575.75    	38.39     	68174.38  	1031.23   	0.00      	
19	95150.25  	20170.96  	568.67    	38.67     	88474.42  	970.87    	0.00      	
20	66404.20  	20128.94  	566.46    	36.17     	117243.68 	944.80    	0.00      	
21	179163.61 	19887.88  	538.73    	34.91     	4488.15   	939.88    	0.00      	
22	175206.95 	32385.36  	407.54    	31.76     	8591.35   	932.18    	0.00      	
23	169473.73 	31778.23  	456.82    	22.81     	14295.35  	858.31    	0.00      	
