Throughput: 548.9690155516379
AverageTotalTimeBreakdownReport
thread_id	 total_time	 stream_process	 txn_process	 overheads
0	43713.57  	850.69    	26885.24  	15977.63  
1	43717.07  	829.73    	34535.89  	8351.44   
2	43716.93  	821.90    	34608.46  	8286.56   
3	43716.90  	818.36    	34671.90  	8226.64   
4	43716.91  	864.13    	28625.33  	14227.45  
5	43716.89  	787.91    	34676.33  	8252.64   
6	43716.94  	834.52    	34456.13  	8426.29   
7	43716.77  	834.93    	32303.98  	10577.85  
8	43717.02  	827.87    	34364.52  	8524.64   
9	43716.52  	838.50    	34689.61  	8188.41   
10	43715.91  	848.19    	31802.81  	11064.91  
11	43704.34  	856.98    	31157.36  	11690.00  
12	43714.61  	833.80    	31145.19  	11735.62  
13	43714.47  	840.81    	32571.55  	10302.11  
14	43713.41  	831.71    	20979.63  	21902.07  
15	43712.66  	855.10    	24564.07  	18293.49  
16	43712.93  	849.49    	34346.37  	8517.07   
17	43706.89  	865.38    	30491.16  	12350.34  
18	43706.62  	836.49    	29710.41  	13159.72  
19	43706.05  	844.04    	27017.49  	15844.52  
20	43705.28  	805.80    	34439.14  	8460.34   
21	43704.65  	805.59    	34750.45  	8148.61   
22	43703.20  	836.13    	34303.71  	8563.36   
23	43702.00  	829.64    	31080.10  	11792.26  
phase_id	 throughput
0	549.0480  	
SchedulerTimeBreakdownReport
thread_id	 explore_time	 next_time	 useful_time	 notify_time	 construct_time	 first_explore_time	 scheduler_switch
0	19392.23  	2057.01   	6000.63   	156.38    	13815.07  	2697.14   	0.00      	
1	28834.26  	2349.87   	4236.60   	113.54    	6380.51   	2550.57   	0.00      	
2	29371.88  	2551.82   	3770.22   	103.69    	6327.08   	2355.65   	0.00      	
3	29636.48  	2642.82   	3566.48   	96.24     	6269.32   	2283.23   	0.00      	
4	23856.97  	2782.70   	3298.62   	93.77     	12131.60  	2205.86   	0.00      	
5	29372.07  	2639.93   	3801.08   	92.10     	6298.78   	2213.75   	0.00      	
6	29899.67  	2937.89   	3087.34   	88.27     	6444.08   	2147.73   	0.00      	
7	27740.22  	2926.53   	3086.20   	93.08     	8478.18   	2127.79   	0.00      	
8	29904.17  	3041.70   	2985.94   	90.70     	6522.70   	2105.41   	0.00      	
9	30377.76  	3107.50   	2841.71   	84.13     	6191.99   	2104.82   	0.00      	
10	27501.30  	3649.82   	2829.09   	85.26     	8995.09   	2076.26   	0.00      	
11	26936.75  	3658.65   	2740.56   	85.32     	9579.82   	2063.62   	0.00      	
12	26952.68  	3672.00   	2703.22   	90.20     	9639.90   	2060.91   	0.00      	
13	28494.64  	3814.56   	2602.75   	85.48     	8208.26   	2039.59   	0.00      	
14	16955.53  	3904.57   	2544.78   	87.94     	19643.06  	2043.57   	0.00      	
15	20546.10  	3939.90   	2544.81   	85.62     	16094.78  	1992.40   	0.00      	
16	30374.78  	3976.60   	2500.72   	86.57     	6509.57   	2009.24   	0.00      	
17	26600.62  	4029.22   	2408.70   	86.46     	10239.19  	2003.31   	0.00      	
18	25870.81  	4005.52   	2344.49   	81.39     	11033.23  	1976.74   	0.00      	
19	23261.93  	4106.10   	2262.28   	83.52     	13648.41  	1980.54   	0.00      	
20	30743.26  	4154.77   	2170.28   	83.32     	6472.89   	1980.72   	0.00      	
21	31098.27  	4857.52   	2117.46   	79.37     	6195.21   	1992.54   	0.00      	
22	30791.38  	4857.97   	1952.29   	81.23     	6632.43   	1968.91   	0.00      	
23	27307.73  	4824.37   	2218.57   	70.47     	9782.52   	1964.05   	0.00      	
