Throughput: 150.52045104448112
AverageTotalTimeBreakdownReport
thread_id	 total_time	 stream_process	 txn_process	 overheads
0	153544.57 	727.84    	126645.20 	26171.52  
1	153549.24 	719.64    	115286.26 	37543.34  
2	153548.00 	745.29    	122860.31 	29942.39  
3	153548.74 	737.83    	145058.38 	7752.53   
4	153548.65 	725.37    	133594.37 	19228.90  
5	153548.96 	734.36    	143193.73 	9620.87   
6	153548.35 	721.34    	122183.76 	30643.26  
7	153547.53 	724.28    	120176.29 	32646.96  
8	153548.89 	749.65    	145574.14 	7225.10   
9	153548.73 	741.66    	144895.22 	7911.85   
10	153548.34 	705.40    	90096.71  	62746.23  
11	153546.91 	719.40    	137491.18 	15336.33  
12	153544.10 	699.83    	61040.27  	91804.00  
13	153541.81 	724.10    	132647.43 	20170.28  
14	153537.08 	742.41    	123747.77 	29046.90  
15	153533.30 	720.08    	93143.79  	59669.42  
16	153532.52 	722.82    	89980.73  	62828.97  
17	153531.17 	721.89    	83081.32  	69727.96  
18	153530.57 	712.95    	90084.51  	62733.12  
19	153530.59 	731.44    	124433.39 	28365.75  
20	153529.65 	753.78    	144939.22 	7836.66   
21	155421.68 	280.28    	148050.65 	7090.75   
22	158753.78 	301.09    	137619.34 	20833.35  
23	159407.96 	286.43    	129711.78 	29409.76  
phase_id	 throughput
0	155.7765  	
SchedulerTimeBreakdownReport
thread_id	 explore_time	 next_time	 useful_time	 notify_time	 construct_time	 first_explore_time	 scheduler_switch
0	97038.90  	244.73    	28437.21  	475.62    	24340.10  	8435.76   	0.00      	
1	108182.15 	10858.81  	5962.34   	137.80    	35703.10  	4062.22   	0.00      	
2	117893.38 	13940.00  	3827.33   	118.38    	28155.45  	2474.72   	0.00      	
3	140879.72 	14420.69  	3030.68   	104.67    	5901.46   	2198.54   	0.00      	
4	129844.17 	14685.31  	2605.25   	91.72     	17387.31  	1984.61   	0.00      	
5	139832.55 	13513.11  	2213.45   	85.05     	7771.42   	1880.00   	0.00      	
6	119065.50 	13595.34  	1968.90   	78.24     	28838.40  	1792.17   	0.00      	
7	117162.08 	13731.13  	1873.47   	73.03     	30783.88  	1716.13   	0.00      	
8	142708.22 	13744.69  	1725.31   	70.81     	5383.74   	1687.90   	0.00      	
9	142165.28 	13722.08  	1584.79   	64.04     	6025.89   	1649.84   	0.00      	
10	87423.71  	16022.62  	1523.27   	66.36     	60928.12  	1593.55   	0.00      	
11	134880.01 	16102.34  	1439.16   	61.75     	13452.66  	1595.41   	0.00      	
12	58412.10  	16082.65  	1465.34   	60.13     	89992.91  	1574.85   	0.00      	
13	130141.01 	16065.69  	1350.18   	60.01     	18284.91  	1553.95   	0.00      	
14	121307.43 	16007.07  	1279.59   	59.12     	27167.19  	1527.77   	0.00      	
15	90777.61  	15896.40  	1211.58   	58.27     	57806.03  	1497.31   	0.00      	
16	87630.03  	15829.55  	1193.21   	54.26     	60975.63  	1481.90   	0.00      	
17	80750.30  	15862.30  	1165.55   	50.85     	67861.78  	1474.34   	0.00      	
18	87784.87  	15916.91  	1136.70   	49.88     	60885.53  	1454.75   	0.00      	
19	122142.19 	16114.94  	1131.53   	49.17     	26539.07  	1528.32   	0.00      	
20	142692.91 	15999.34  	1089.96   	45.66     	5943.84   	1457.66   	0.00      	
21	143307.87 	20757.89  	1090.21   	42.83     	5297.67   	1460.54   	0.00      	
22	129625.95 	20811.28  	1039.95   	45.64     	18950.48  	1439.66   	0.00      	
23	120810.72 	20653.45  	1280.15   	42.60     	27572.92  	1424.65   	0.00      	
