Throughput: 671.3937937573131
AverageTotalTimeBreakdownReport
thread_id	 total_time	 stream_process	 txn_process	 overheads
0	35741.77  	636.11    	23981.12  	11124.53  
1	35742.54  	638.40    	24112.13  	10992.01  
2	35743.19  	646.83    	24890.60  	10205.76  
3	35741.56  	632.72    	24154.00  	10954.84  
4	35743.64  	632.39    	23696.59  	11414.66  
5	35742.62  	592.37    	24629.18  	10521.07  
6	35742.88  	655.36    	21713.78  	13373.75  
7	35741.78  	641.85    	24268.70  	10831.23  
8	35742.85  	631.29    	24659.59  	10451.98  
9	35743.83  	631.11    	24748.07  	10364.65  
10	35742.79  	637.59    	21338.56  	13766.64  
11	35743.29  	657.63    	24370.24  	10715.42  
12	35743.83  	635.45    	17289.53  	17818.85  
13	35743.81  	656.29    	23520.85  	11566.67  
14	35743.85  	649.68    	23698.59  	11395.57  
15	35739.83  	661.30    	21765.83  	13312.70  
16	35741.65  	629.56    	21603.78  	13508.31  
17	35740.70  	634.18    	21539.97  	13566.54  
18	35738.96  	632.67    	20701.99  	14404.31  
19	35739.33  	613.87    	21029.24  	14096.22  
20	35735.49  	638.21    	24785.35  	10311.93  
21	35733.22  	636.16    	24836.15  	10260.91  
22	35734.49  	725.43    	24778.74  	10230.31  
23	35733.45  	701.00    	19156.72  	15875.72  
phase_id	 throughput
0	671.4998  	
SchedulerTimeBreakdownReport
thread_id	 explore_time	 next_time	 useful_time	 notify_time	 construct_time	 first_explore_time	 scheduler_switch
0	19920.58  	2390.88   	2747.05   	129.98    	8565.05   	1824.17   	0.00      	
1	20080.22  	2430.24   	2712.64   	127.51    	8427.70   	1802.27   	0.00      	
2	20857.38  	2787.20   	2706.19   	126.14    	7749.67   	1836.57   	0.00      	
3	20165.51  	3133.95   	2661.51   	128.32    	8394.73   	1818.04   	0.00      	
4	19489.43  	3502.21   	2882.68   	130.06    	8779.78   	1815.45   	0.00      	
5	20155.88  	3329.34   	3092.81   	137.24    	7907.91   	1830.16   	0.00      	
6	17476.60  	3518.37   	2916.90   	139.77    	10795.12  	1801.12   	0.00      	
7	20031.03  	3762.98   	2929.83   	141.85    	8221.89   	1825.81   	0.00      	
8	20422.07  	3831.50   	2902.42   	132.72    	7897.32   	1827.14   	0.00      	
9	20538.55  	3861.55   	2878.01   	123.87    	7827.64   	1838.96   	0.00      	
10	17120.97  	3950.18   	2897.48   	141.87    	11249.62  	1808.10   	0.00      	
11	20197.94  	4149.66   	2848.34   	142.32    	8107.86   	1798.08   	0.00      	
12	13152.37  	4118.15   	2819.76   	141.84    	15301.22  	1846.22   	0.00      	
13	19326.00  	4104.73   	2872.96   	135.16    	8981.89   	1817.96   	0.00      	
14	19589.83  	4152.53   	2791.92   	133.80    	8840.21   	1826.08   	0.00      	
15	17706.36  	4986.83   	2740.85   	134.52    	10715.85  	1807.88   	0.00      	
16	17492.48  	5041.36   	2789.69   	134.84    	10904.16  	1818.41   	0.00      	
17	17380.34  	5042.66   	2836.30   	121.73    	10968.65  	1816.81   	0.00      	
18	16480.24  	4984.22   	2897.24   	133.17    	11806.69  	1813.54   	0.00      	
19	16792.90  	4888.55   	2898.85   	138.71    	11524.10  	1813.69   	0.00      	
20	20559.46  	4735.85   	2906.29   	130.56    	7794.38   	1824.15   	0.00      	
21	20565.18  	4468.80   	2919.56   	130.69    	7759.07   	1833.38   	0.00      	
22	20496.18  	4015.61   	2903.84   	130.98    	7793.74   	1815.38   	0.00      	
23	14988.04  	3548.38   	2796.57   	118.04    	13533.34  	1811.41   	0.00      	
