Throughput: 376.19704952860553
AverageTotalTimeBreakdownReport
thread_id	 total_time	 stream_process	 txn_process	 overheads
0	63782.69  	857.54    	33876.00  	29049.15  
1	63786.27  	844.86    	53255.31  	9686.10   
2	63786.52  	826.30    	54383.62  	8576.60   
3	63789.19  	860.23    	51708.66  	11220.30  
4	63786.77  	865.75    	49583.14  	13337.87  
5	63786.11  	894.86    	52804.73  	10086.52  
6	63786.54  	860.59    	53257.75  	9668.19   
7	63786.64  	841.25    	50007.77  	12937.61  
8	63785.45  	851.50    	54100.43  	8833.52   
9	63788.02  	857.88    	54562.59  	8367.54   
10	63787.62  	873.04    	47981.76  	14932.81  
11	63783.50  	865.35    	39460.72  	23457.44  
12	63782.05  	885.14    	33591.66  	29305.24  
13	63781.44  	879.80    	39243.33  	23658.32  
14	63780.67  	864.87    	33109.68  	29806.12  
15	63778.33  	863.63    	49712.46  	13202.25  
16	63774.35  	866.70    	28573.98  	34333.67  
17	63774.33  	879.99    	46981.68  	15912.66  
18	63773.41  	894.84    	38822.25  	24056.32  
19	63772.52  	880.02    	44347.37  	18545.13  
20	63770.88  	845.43    	32385.25  	30540.20  
21	63773.29  	838.66    	54446.94  	8487.69   
22	63768.59  	893.73    	53452.08  	9422.77   
23	63767.29  	860.22    	43658.41  	19248.66  
phase_id	 throughput
0	376.2904  	
SchedulerTimeBreakdownReport
thread_id	 explore_time	 next_time	 useful_time	 notify_time	 construct_time	 first_explore_time	 scheduler_switch
0	20608.96  	434.64    	11918.90  	609.33    	26231.20  	4476.02   	0.00      	
1	46220.12  	187.51    	5712.08   	316.47    	6989.40   	3442.11   	0.00      	
2	48852.66  	2885.94   	4192.48   	247.89    	6005.97   	2662.34   	0.00      	
3	47035.13  	3670.73   	3340.59   	167.54    	8473.29   	2390.03   	0.00      	
4	45227.32  	4975.32   	3027.87   	149.97    	10535.35  	2248.99   	0.00      	
5	48605.01  	5150.05   	2879.28   	142.11    	7431.91   	2162.43   	0.00      	
6	49233.81  	4396.30   	2686.51   	128.88    	6985.42   	2085.81   	0.00      	
7	46020.60  	4371.79   	2619.94   	121.40    	10143.92  	2033.60   	0.00      	
8	50342.16  	4527.70   	2429.87   	117.63    	6222.85   	1994.19   	0.00      	
9	50894.21  	4522.68   	2346.18   	112.31    	5820.30   	1974.61   	0.00      	
10	44407.57  	4600.57   	2250.23   	111.88    	12227.48  	1921.11   	0.00      	
11	35901.29  	5094.38   	2211.61   	108.50    	20587.57  	1881.41   	0.00      	
12	30148.58  	5224.19   	2090.42   	106.20    	26456.90  	1862.06   	0.00      	
13	35888.16  	5151.22   	2019.88   	104.46    	20805.72  	1838.19   	0.00      	
14	29812.88  	5068.89   	1969.72   	99.54     	27042.99  	1824.00   	0.00      	
15	46584.94  	5145.11   	1801.31   	95.44     	10551.51  	1814.38   	0.00      	
16	25491.37  	5094.10   	1747.27   	100.21    	31602.61  	1825.93   	0.00      	
17	43909.59  	5162.92   	1728.85   	100.05    	13139.48  	1775.16   	0.00      	
18	35831.33  	5204.88   	1649.30   	96.68     	21285.04  	1768.81   	0.00      	
19	41480.00  	5362.44   	1521.40   	92.45     	15721.63  	1755.91   	0.00      	
20	29576.23  	5391.59   	1463.06   	88.73     	27762.46  	1749.60   	0.00      	
21	51619.79  	5359.11   	1443.37   	83.60     	5953.02   	1765.62   	0.00      	
22	50734.78  	8100.84   	1312.56   	83.08     	6887.04   	1745.97   	0.00      	
23	40673.83  	8014.59   	1573.09   	80.90     	16562.15  	1722.90   	0.00      	
