Throughput: 310.8109978999504
AverageTotalTimeBreakdownReport
thread_id	 total_time	 stream_process	 txn_process	 overheads
0	76510.01  	4070.80   	49618.16  	22821.05  
1	77146.39  	4413.46   	49801.67  	22931.27  
2	76403.04  	3984.40   	50348.52  	22070.12  
3	76575.22  	3865.55   	50033.36  	22676.32  
4	77137.71  	4424.78   	50461.45  	22251.48  
5	77139.71  	4386.75   	50332.59  	22420.38  
6	77088.53  	4559.72   	49788.08  	22740.73  
7	77137.42  	4448.77   	50090.06  	22598.59  
8	76029.30  	3842.89   	49159.39  	23027.03  
9	76619.34  	4066.46   	49825.18  	22727.70  
10	76569.18  	3839.34   	50122.67  	22607.17  
11	76574.69  	3916.41   	49877.46  	22780.82  
12	76575.30  	3883.64   	49609.87  	23081.78  
13	76585.98  	3994.12   	49411.29  	23180.57  
14	76645.34  	3940.58   	50274.84  	22429.92  
15	77123.12  	4441.47   	49975.40  	22706.25  
16	76587.24  	3922.30   	49393.98  	23270.95  
17	77056.48  	4511.94   	50143.36  	22401.18  
18	77093.18  	4416.54   	50143.41  	22533.22  
19	77067.49  	4420.70   	49588.81  	23057.98  
20	76486.53  	3835.61   	50088.23  	22562.69  
21	76533.94  	3942.20   	50110.98  	22480.76  
22	77036.13  	4399.56   	50525.45  	22111.12  
23	76989.57  	4456.44   	50124.28  	22408.84  
phase_id	 throughput
0	312.5881  	
SchedulerTimeBreakdownReport
thread_id	 explore_time	 next_time	 useful_time	 notify_time	 construct_time	 first_explore_time	 scheduler_switch
0	35543.15  	293.34    	9053.71   	990.91    	15600.98  	28157.41  	0.00      	
1	35625.97  	290.56    	9009.25   	1004.89   	15614.56  	28032.51  	0.00      	
2	36289.28  	282.73    	8975.58   	997.44    	15079.73  	28094.86  	0.00      	
3	36001.85  	286.82    	8885.78   	980.59    	15396.44  	28170.52  	0.00      	
4	36562.60  	287.87    	8752.74   	971.53    	15096.56  	28256.59  	0.00      	
5	36405.32  	302.39    	8788.64   	1023.65   	15126.16  	27858.65  	0.00      	
6	36143.25  	287.96    	8667.36   	1007.49   	15302.02  	27884.52  	0.00      	
7	36403.59  	283.40    	8573.98   	1039.99   	15270.59  	28201.95  	0.00      	
8	35378.36  	292.98    	8646.60   	991.23    	16210.00  	28021.98  	0.00      	
9	36205.54  	291.11    	8626.68   	994.17    	15276.01  	27864.16  	0.00      	
10	36352.07  	312.28    	8616.22   	953.52    	15307.95  	27908.88  	0.00      	
11	36351.34  	355.43    	8403.13   	963.16    	15352.57  	27941.66  	0.00      	
12	35404.08  	322.33    	9064.90   	989.71    	15706.06  	28065.41  	0.00      	
13	35420.66  	295.80    	8986.52   	1026.03   	15749.91  	28114.50  	0.00      	
14	36163.46  	278.28    	8959.14   	989.31    	15124.41  	27918.77  	0.00      	
15	35908.91  	318.32    	8927.36   	987.79    	15332.08  	27848.31  	0.00      	
16	35311.35  	290.51    	8953.56   	980.23    	15852.77  	27806.10  	0.00      	
17	36165.50  	298.84    	8992.08   	991.47    	15046.53  	28153.88  	0.00      	
18	36097.21  	291.72    	8915.48   	987.04    	15299.93  	28163.59  	0.00      	
19	35419.42  	293.61    	9036.49   	987.22    	15653.41  	27833.31  	0.00      	
20	36149.10  	295.47    	8810.31   	1002.24   	15328.42  	28077.64  	0.00      	
21	36256.30  	298.43    	8737.19   	981.30    	15197.64  	27940.99  	0.00      	
22	36651.25  	292.88    	8749.34   	994.96    	14968.24  	27975.37  	0.00      	
23	36207.40  	300.42    	8820.10   	971.36    	15318.34  	28000.17  	0.00      	
