Throughput: 261.7754321982314
AverageTotalTimeBreakdownReport
thread_id	 total_time	 stream_process	 txn_process	 overheads
0	91448.19  	4727.62   	64656.35  	22064.22  
1	91040.78  	4272.64   	66423.22  	20344.92  
2	91376.29  	4766.90   	66791.09  	19818.30  
3	91458.22  	4666.49   	66625.06  	20166.66  
4	91473.07  	4687.15   	67412.40  	19373.51  
5	91282.10  	4709.94   	67060.48  	19511.69  
6	91349.85  	4791.55   	66432.26  	20126.04  
7	91455.34  	4713.50   	65519.37  	21222.47  
8	91400.48  	4806.32   	67046.68  	19547.49  
9	91465.87  	4722.84   	67116.84  	19626.19  
10	91437.01  	4671.97   	67034.41  	19730.63  
11	91373.32  	4662.21   	65758.61  	20952.49  
12	91264.69  	4844.69   	64568.24  	21851.77  
13	91417.80  	4682.40   	66097.68  	20637.72  
14	91364.21  	4700.40   	64621.96  	22041.85  
15	91336.18  	4694.61   	66728.69  	19912.88  
16	91240.73  	4788.13   	66373.25  	20079.34  
17	91356.22  	4713.07   	67289.16  	19353.99  
18	91355.13  	4685.95   	65082.35  	21586.82  
19	91323.10  	4684.91   	66413.68  	20224.52  
20	91236.23  	4772.22   	66498.56  	19965.46  
21	91358.58  	4736.11   	66770.64  	19851.83  
22	91190.16  	4758.88   	66966.48  	19464.80  
23	91328.44  	4704.05   	62448.51  	24175.88  
phase_id	 throughput
0	262.7342  	
SchedulerTimeBreakdownReport
thread_id	 explore_time	 next_time	 useful_time	 notify_time	 construct_time	 first_explore_time	 scheduler_switch
0	37677.39  	576.99    	22187.67  	4454.45   	17078.72  	22315.31  	0.00      	
1	53998.14  	353.17    	7815.90   	4353.27   	15419.13  	22040.59  	0.00      	
2	56105.78  	319.04    	6255.29   	1505.14   	15125.10  	22182.36  	0.00      	
3	56382.50  	237.28    	5625.09   	1121.75   	15483.98  	22302.10  	0.00      	
4	57554.26  	212.59    	5222.98   	921.91    	14804.53  	22518.45  	0.00      	
5	57732.52  	194.96    	4905.72   	829.02    	14836.92  	22235.61  	0.00      	
6	57345.24  	187.22    	4636.69   	709.20    	15286.21  	22356.96  	0.00      	
7	56428.18  	167.59    	4469.30   	647.12    	16359.81  	22270.53  	0.00      	
8	58336.49  	157.01    	4248.02   	582.90    	14934.09  	22253.07  	0.00      	
9	58504.54  	219.22    	3975.40   	552.92    	14990.76  	22491.43  	0.00      	
10	58395.30  	136.17    	3982.77   	528.07    	15101.10  	22151.60  	0.00      	
11	57161.22  	136.58    	3934.87   	494.43    	16054.82  	22329.45  	0.00      	
12	56224.61  	157.57    	3850.31   	469.43    	17058.43  	22207.58  	0.00      	
13	57573.30  	154.61    	3811.85   	447.74    	15715.49  	22157.91  	0.00      	
14	56434.99  	120.92    	3512.12   	426.11    	17049.16  	22321.58  	0.00      	
15	58740.33  	110.41    	3319.28   	383.59    	15182.65  	22276.88  	0.00      	
16	58866.89  	107.65    	3039.65   	389.78    	15384.78  	22127.53  	0.00      	
17	59768.86  	104.01    	2848.54   	354.24    	14860.16  	22170.58  	0.00      	
18	57623.31  	97.95     	2746.96   	346.22    	16606.01  	22163.47  	0.00      	
19	59165.47  	81.56     	2538.87   	324.19    	15426.59  	22273.10  	0.00      	
20	59643.07  	72.16     	2288.90   	295.02    	15141.60  	22365.32  	0.00      	
21	59949.14  	61.74     	2019.18   	266.31    	15099.27  	22482.47  	0.00      	
22	60784.93  	47.48     	1650.00   	248.37    	14953.52  	22320.21  	0.00      	
23	56646.01  	34.09     	1051.14   	261.15    	19516.36  	22315.51  	0.00      	
