Throughput: 253.45264514848623
AverageTotalTimeBreakdownReport
thread_id	 total_time	 stream_process	 txn_process	 overheads
0	94592.96  	5962.09   	59709.77  	28921.11  
1	94693.97  	6077.01   	59656.10  	28960.85  
2	94698.96  	6132.90   	59895.45  	28670.60  
3	94695.15  	6437.88   	59821.75  	28435.52  
4	94590.30  	6128.35   	59832.12  	28629.83  
5	94692.03  	6317.90   	59931.29  	28442.84  
6	94701.46  	5790.03   	59726.70  	29184.73  
7	94205.33  	6068.64   	59570.85  	28565.84  
8	93777.35  	6515.24   	59826.58  	27435.53  
9	93742.95  	6258.80   	59953.54  	27530.61  
10	94702.72  	6492.41   	59495.54  	28714.76  
11	94674.10  	6110.85   	60014.00  	28549.25  
12	94683.66  	6184.44   	60012.43  	28486.79  
13	94672.21  	6102.84   	59628.89  	28940.48  
14	94649.53  	6076.46   	59594.88  	28978.19  
15	93787.04  	6052.99   	59757.26  	27976.79  
16	93748.82  	6024.10   	60038.48  	27686.24  
17	94576.83  	6011.71   	59441.61  	29123.51  
18	93636.93  	5987.53   	59446.46  	28202.94  
19	94605.91  	6090.80   	59906.84  	28608.27  
20	93673.98  	5970.49   	59969.65  	27733.83  
21	94477.13  	6209.12   	59759.64  	28508.37  
22	94478.57  	5800.61   	58422.81  	30255.15  
23	94451.19  	6109.88   	59331.42  	29009.89  
phase_id	 throughput
0	254.2856  	
SchedulerTimeBreakdownReport
thread_id	 explore_time	 next_time	 useful_time	 notify_time	 construct_time	 first_explore_time	 scheduler_switch
0	38366.08  	273.88    	14733.73  	179.94    	21084.13  	28305.34  	0.00      	
1	38616.02  	323.19    	14469.56  	210.08    	20671.68  	28033.77  	0.00      	
2	38794.74  	328.08    	14560.07  	176.79    	21006.02  	28245.66  	0.00      	
3	39055.31  	268.39    	14187.07  	170.54    	20494.62  	28898.72  	0.00      	
4	39282.82  	317.97    	14025.15  	171.37    	20699.63  	28165.17  	0.00      	
5	40580.17  	226.61    	12774.98  	157.72    	20442.99  	28074.31  	0.00      	
6	38302.41  	256.21    	14874.16  	178.92    	20947.20  	28169.48  	0.00      	
7	38420.91  	310.83    	14588.15  	177.77    	21168.84  	28215.65  	0.00      	
8	38892.87  	263.08    	14447.45  	169.17    	20506.30  	28448.47  	0.00      	
9	39175.22  	271.98    	14303.28  	175.23    	20624.86  	29054.20  	0.00      	
10	38434.13  	252.66    	14516.59  	173.06    	20581.99  	28380.70  	0.00      	
11	38722.01  	263.96    	14699.91  	179.30    	20625.78  	28215.88  	0.00      	
12	39008.44  	260.12    	14479.52  	171.71    	20416.44  	28351.96  	0.00      	
13	38694.92  	268.67    	14387.09  	168.75    	21208.45  	28447.00  	0.00      	
14	38499.62  	274.47    	14515.92  	184.66    	20927.62  	28038.51  	0.00      	
15	38844.44  	264.01    	14362.98  	172.03    	21007.64  	28485.20  	0.00      	
16	39341.50  	243.25    	14179.48  	165.89    	20546.77  	28345.22  	0.00      	
17	38218.62  	251.67    	14649.23  	176.97    	20843.09  	28308.16  	0.00      	
18	38581.98  	295.95    	14367.67  	183.58    	20751.65  	28238.28  	0.00      	
19	38936.50  	262.15    	14395.97  	268.50    	20479.03  	28992.29  	0.00      	
20	38920.10  	257.71    	14508.38  	168.93    	20667.75  	28374.00  	0.00      	
21	38738.41  	292.45    	14532.43  	172.58    	20491.64  	28520.67  	0.00      	
22	37400.25  	260.06    	14458.92  	248.66    	21845.03  	28254.82  	0.00      	
23	38277.43  	268.66    	14528.90  	183.56    	21071.73  	28325.25  	0.00      	
