Throughput: 178.93192180898683
AverageTotalTimeBreakdownReport
thread_id	 total_time	 stream_process	 txn_process	 overheads
0	133462.67 	6553.67   	97231.52  	29677.48  
1	133959.34 	6486.80   	96699.13  	30773.42  
2	133955.33 	6560.24   	96552.75  	30842.35  
3	134079.15 	6528.32   	98145.18  	29405.65  
4	134136.39 	6582.66   	95275.71  	32278.03  
5	134074.30 	6554.52   	94702.08  	32817.70  
6	134008.72 	6775.76   	92377.31  	34855.65  
7	134135.15 	6649.81   	95212.87  	32272.47  
8	134134.35 	6556.30   	97633.82  	29944.23  
9	134132.32 	6571.15   	94166.79  	33394.38  
10	133980.55 	6514.38   	97230.55  	30235.62  
11	133954.89 	6545.90   	98816.38  	28592.61  
12	133913.39 	6587.29   	95895.28  	31430.82  
13	133353.14 	6725.94   	97942.95  	28684.26  
14	133804.79 	6550.73   	95252.88  	32001.17  
15	133937.52 	6472.85   	96101.25  	31363.42  
16	133282.51 	6590.73   	95908.83  	30782.95  
17	133314.24 	6741.59   	97633.52  	28939.13  
18	133246.72 	6506.55   	96465.44  	30274.72  
19	133850.77 	6567.96   	96467.25  	30815.57  
20	133711.99 	6966.60   	99362.38  	27383.02  
21	133690.36 	6546.00   	99077.76  	28066.59  
22	133807.91 	6411.89   	94526.94  	32869.08  
23	133670.74 	6576.60   	96998.82  	30095.33  
phase_id	 throughput
0	179.3508  	
SchedulerTimeBreakdownReport
thread_id	 explore_time	 next_time	 useful_time	 notify_time	 construct_time	 first_explore_time	 scheduler_switch
0	59092.38  	606.17    	30851.52  	443.99    	23261.68  	33129.54  	0.00      	
1	76605.90  	303.31    	13034.48  	259.64    	23767.21  	32914.80  	0.00      	
2	78389.75  	245.71    	11082.62  	241.73    	23739.09  	33323.60  	0.00      	
3	80773.80  	216.13    	10282.66  	163.76    	22151.97  	33544.09  	0.00      	
4	78703.89  	200.10    	9478.53   	142.07    	25192.70  	33302.11  	0.00      	
5	78693.12  	177.78    	8918.53   	128.00    	25897.95  	32621.14  	0.00      	
6	76712.92  	171.28    	8568.56   	127.20    	27327.61  	33724.37  	0.00      	
7	79853.74  	166.59    	8241.98   	118.12    	24810.82  	32652.80  	0.00      	
8	82629.27  	159.50    	7872.07   	111.81    	22885.75  	33223.98  	0.00      	
9	79567.72  	143.19    	7456.33   	96.93     	26366.91  	33105.83  	0.00      	
10	82750.08  	145.15    	7313.78   	96.02     	23248.50  	33604.92  	0.00      	
11	84331.50  	156.63    	7353.37   	106.30    	21881.53  	33647.95  	0.00      	
12	81790.23  	146.55    	6977.66   	100.36    	24513.47  	32966.92  	0.00      	
13	83939.68  	142.84    	6877.29   	109.95    	22434.43  	33359.16  	0.00      	
14	81216.34  	134.77    	6823.14   	94.17     	24676.88  	33105.86  	0.00      	
15	82129.89  	138.46    	6540.72   	97.25     	23897.99  	32798.50  	0.00      	
16	82449.86  	128.75    	6247.20   	91.30     	24300.77  	32928.51  	0.00      	
17	84419.83  	197.17    	5975.86   	94.20     	22812.97  	33222.93  	0.00      	
18	83711.96  	163.15    	5542.23   	90.51     	23986.90  	32763.15  	0.00      	
19	84203.41  	129.87    	5004.75   	90.60     	23810.12  	33445.33  	0.00      	
20	87648.13  	113.03    	4463.88   	81.66     	20939.97  	32988.76  	0.00      	
21	87783.73  	97.54     	4043.13   	67.61     	21621.87  	33068.68  	0.00      	
22	83429.36  	90.01     	3579.28   	54.08     	25599.01  	33198.55  	0.00      	
23	87499.62  	65.44     	2215.79   	110.23    	23558.74  	33086.75  	0.00      	
