Throughput: 71.66518288302932
AverageTotalTimeBreakdownReport
thread_id	 total_time	 stream_process	 txn_process	 overheads
0	111628.98 	18077.48  	93169.74  	381.76    
1	111631.26 	18988.74  	92273.99  	368.52    
2	111637.74 	19141.89  	92104.29  	391.56    
3	111632.68 	18922.83  	92328.32  	381.53    
4	111631.38 	18693.28  	92489.34  	448.76    
5	111630.64 	17278.27  	93924.89  	427.48    
6	111635.32 	17012.19  	94205.32  	417.81    
7	111632.43 	16809.25  	94410.49  	412.69    
phase_id	 throughput
0	74.1288   	
1	88.9239   	
2	112.6890  	
3	101.8933  	
4	111.7668  	
5	85.5634   	
6	87.6324   	
7	111.2846  	
8	121.6461  	
9	145.2875  	
10	138.7308  	
11	141.9995  	
12	125.7854  	
13	126.1011  	
14	23.0681   	
15	89.4345   	
16	89.1046   	
17	88.5811   	
18	75.3101   	
19	76.8460   	
20	77.2129   	
21	54.3964   	
22	60.6465   	
23	61.1165   	
24	62.9726   	
25	56.9463   	
26	52.3964   	
27	50.8551   	
28	51.3560   	
29	54.7175   	
30	58.4414   	
31	59.0258   	
32	59.3881   	
33	64.3330   	
34	64.2874   	
35	67.3760   	
36	76.0007   	
37	74.4533   	
38	73.3239   	
SchedulerTimeBreakdownReport
thread_id	 explore_time	 next_time	 useful_time	 notify_time	 construct_time	 first_explore_time	 scheduler_switch
0	40525.61  	183.35    	52200.57  	300.71    	6024.28   	8028.79   	4.63      	
1	52444.80  	3739.40   	39383.87  	236.93    	6070.55   	6904.50   	3.21      	
2	67303.23  	10675.37  	24349.20  	162.11    	6229.43   	5844.81   	3.00      	
3	71482.22  	9789.05   	20406.55  	136.83    	6156.24   	5696.37   	4.28      	
4	73779.23  	3991.26   	18278.94  	128.77    	13557.06  	5490.56   	4.55      	
5	76669.41  	1449.20   	16868.71  	118.07    	13409.43  	5414.12   	4.55      	
6	77980.62  	845.71    	15795.01  	115.51    	13276.34  	5421.64   	3.81      	
7	78942.19  	623.79    	15065.96  	106.28    	13076.12  	5262.62   	4.08      	
