Throughput: 483.7850637077197
AverageTotalTimeBreakdownReport
thread_id	 total_time	 stream_process	 txn_process	 overheads
0	49434.16  	1439.67   	25605.15  	22389.34  
1	49547.03  	1452.39   	24784.84  	23309.80  
2	49634.22  	1484.00   	22366.20  	25784.03  
3	49645.73  	1485.04   	18893.33  	29267.36  
4	49634.62  	1450.83   	17354.31  	30829.49  
5	49682.37  	1486.05   	29253.65  	18942.67  
6	49704.64  	1479.69   	23579.01  	24645.94  
7	49715.12  	1480.93   	25390.16  	22844.03  
8	49633.06  	1435.29   	29844.12  	18353.65  
9	49630.04  	1428.13   	30545.10  	17656.81  
10	49675.69  	1478.68   	30521.32  	17675.69  
11	49697.20  	1474.21   	29437.36  	18785.63  
12	49699.08  	1468.19   	28285.55  	19945.35  
13	49625.51  	1385.55   	29433.51  	18806.45  
14	49695.09  	1436.10   	29974.90  	18284.09  
15	49686.41  	1497.13   	29930.87  	18258.41  
16	49677.63  	1453.50   	29588.79  	18635.33  
17	49607.90  	1405.92   	27650.08  	20551.90  
18	49658.43  	1497.42   	26323.80  	21837.20  
19	49631.98  	1470.18   	28493.10  	19668.70  
20	49672.35  	1445.17   	30414.03  	17813.15  
21	49630.23  	1466.19   	30554.17  	17609.86  
22	49670.38  	1461.50   	29989.00  	18219.88  
23	49667.07  	1449.87   	27903.71  	20313.49  
phase_id	 throughput
0	483.4022  	
SchedulerTimeBreakdownReport
thread_id	 explore_time	 next_time	 useful_time	 notify_time	 construct_time	 first_explore_time	 scheduler_switch
0	19546.33  	1563.49   	4164.41   	97.39     	19285.12  	2782.10   	0.00      	
1	18772.97  	1601.84   	4091.37   	104.24    	20160.12  	2766.06   	0.00      	
2	16002.17  	1415.16   	4409.31   	115.74    	22983.37  	2763.37   	0.00      	
3	12696.74  	1470.45   	4239.64   	122.15    	26455.92  	2762.03   	0.00      	
4	11036.03  	1482.90   	4318.21   	123.50    	27971.38  	2841.30   	0.00      	
5	22822.85  	1398.95   	4415.54   	110.80    	16282.65  	2802.21   	0.00      	
6	17085.70  	1355.92   	4494.38   	113.40    	21837.28  	2790.90   	0.00      	
7	18812.41  	1327.75   	4495.10   	113.69    	20054.51  	2783.99   	0.00      	
8	23353.75  	1428.72   	4495.44   	114.17    	15643.54  	2798.17   	0.00      	
9	24300.85  	1606.28   	4246.77   	100.48    	15146.00  	2829.72   	0.00      	
10	24258.35  	1597.76   	4258.35   	108.38    	15159.74  	2802.26   	0.00      	
11	23128.37  	1555.41   	4313.06   	114.11    	16037.77  	2775.49   	0.00      	
12	21853.80  	1388.35   	4430.04   	116.24    	17169.98  	2794.99   	0.00      	
13	22910.64  	1288.44   	4525.58   	110.63    	16055.17  	2799.45   	0.00      	
14	23481.86  	1358.19   	4491.42   	111.67    	15549.02  	2790.02   	0.00      	
15	23420.81  	1361.09   	4494.65   	121.72    	15586.18  	2794.21   	0.00      	
16	23205.06  	1380.58   	4391.54   	113.58    	15894.13  	2781.67   	0.00      	
17	21297.68  	1357.08   	4347.59   	116.33    	17781.07  	2777.61   	0.00      	
18	19785.58  	1332.69   	4528.30   	117.05    	19164.22  	2771.21   	0.00      	
19	21987.15  	1328.59   	4485.32   	118.20    	17028.43  	2792.87   	0.00      	
20	24117.96  	1456.96   	4289.05   	106.83    	15253.52  	2793.90   	0.00      	
21	24229.91  	1615.14   	4323.59   	110.50    	15141.90  	2823.34   	0.00      	
22	23657.13  	1548.14   	4326.50   	111.92    	15544.96  	2800.17   	0.00      	
23	21523.91  	1485.93   	4387.74   	107.51    	17621.82  	2794.49   	0.00      	
