Throughput: 876.1639745798292
AverageTotalTimeBreakdownReport
thread_id	 total_time	 stream_process	 txn_process	 overheads
0	27349.62  	1525.17   	11930.88  	13893.56  
1	27370.47  	1542.54   	12269.22  	13558.71  
2	27196.93  	1385.71   	14454.17  	11357.04  
3	27304.81  	1404.23   	14487.95  	11412.63  
4	27297.34  	1424.75   	14429.42  	11443.18  
5	27345.78  	1445.58   	13883.07  	12017.13  
6	27344.37  	1461.80   	13733.88  	12148.69  
7	27356.62  	1463.58   	13887.37  	12005.67  
8	27359.40  	1531.90   	14136.30  	11691.21  
9	27340.20  	1500.12   	13387.82  	12452.27  
10	27358.73  	1473.20   	13649.90  	12235.63  
11	27180.99  	1420.33   	14369.23  	11391.43  
12	27333.16  	1446.68   	13586.22  	12300.27  
13	27293.34  	1454.30   	14086.44  	11752.60  
14	27272.41  	1436.70   	14028.39  	11807.32  
15	27323.58  	1431.42   	14481.47  	11410.69  
16	27268.73  	1409.36   	14242.42  	11616.95  
17	27227.29  	1451.18   	13552.56  	12223.55  
18	27316.18  	1414.80   	14059.16  	11842.21  
19	27309.42  	1462.85   	14186.82  	11659.75  
20	27274.94  	1378.12   	14093.40  	11803.42  
21	27285.15  	1392.85   	14427.39  	11464.91  
22	27294.59  	1420.58   	14267.71  	11606.31  
23	27298.55  	1460.04   	13616.30  	12222.22  
phase_id	 throughput
0	878.9861  	
SchedulerTimeBreakdownReport
thread_id	 explore_time	 next_time	 useful_time	 notify_time	 construct_time	 first_explore_time	 scheduler_switch
0	6594.00   	207.36    	3506.47   	538.16    	9995.34   	2111.00   	0.00      	
1	7085.02   	246.79    	3365.66   	543.98    	9727.61   	2066.43   	0.00      	
2	9449.76   	395.10    	3215.10   	456.16    	8014.56   	2067.79   	0.00      	
3	9517.90   	401.34    	3181.01   	449.34    	7972.29   	2077.94   	0.00      	
4	9550.05   	545.68    	3099.12   	396.60    	8034.40   	2053.18   	0.00      	
5	8888.56   	444.80    	3202.84   	412.56    	8374.77   	2009.50   	0.00      	
6	8787.22   	491.93    	3160.12   	386.24    	8374.27   	2033.64   	0.00      	
7	8927.48   	446.78    	3172.62   	390.82    	8230.68   	2028.30   	0.00      	
8	9192.06   	420.37    	3187.01   	411.69    	8099.11   	2033.32   	0.00      	
9	8426.73   	489.94    	3185.63   	423.72    	8624.87   	1984.79   	0.00      	
10	8475.55   	418.26    	3386.14   	408.04    	8489.29   	2052.04   	0.00      	
11	9344.96   	504.88    	3238.86   	423.15    	8015.57   	2041.06   	0.00      	
12	8534.57   	477.81    	3265.60   	420.46    	8552.54   	2024.50   	0.00      	
13	9051.40   	505.17    	3268.60   	425.01    	8140.27   	2021.58   	0.00      	
14	9005.88   	481.99    	3242.66   	464.51    	8059.97   	2031.19   	0.00      	
15	9427.65   	421.33    	3269.07   	483.28    	7942.25   	2068.28   	0.00      	
16	9186.07   	408.87    	3251.36   	497.34    	8038.24   	2046.10   	0.00      	
17	8500.68   	431.69    	3286.93   	521.72    	8515.22   	2021.50   	0.00      	
18	8993.80   	376.39    	3296.23   	517.51    	8116.88   	2030.51   	0.00      	
19	9041.43   	410.53    	3270.96   	509.56    	8075.04   	2043.41   	0.00      	
20	9000.41   	425.52    	3223.38   	517.58    	8211.43   	2010.53   	0.00      	
21	9288.29   	384.47    	3267.50   	526.76    	8043.93   	2049.35   	0.00      	
22	9102.18   	363.99    	3261.88   	518.36    	8113.45   	2053.97   	0.00      	
23	8473.80   	306.57    	3256.48   	518.85    	8659.01   	1990.47   	0.00      	
