Throughput: 713.5099906426791
AverageTotalTimeBreakdownReport
thread_id	 total_time	 stream_process	 txn_process	 overheads
0	33595.19  	1364.74   	17401.31  	14829.15  
1	33599.01  	1359.54   	17518.03  	14721.44  
2	33599.05  	1392.26   	17310.98  	14895.81  
3	33618.02  	1389.31   	16703.34  	15525.38  
4	33440.70  	1361.93   	17541.43  	14537.33  
5	33599.22  	1405.32   	17070.42  	15123.48  
6	33618.07  	1353.95   	14605.37  	17658.75  
7	33618.14  	1371.61   	14663.82  	17582.71  
8	33617.81  	1346.00   	15367.29  	16904.52  
9	33599.45  	1371.50   	14313.44  	17914.51  
10	33617.66  	1354.42   	17575.15  	14688.09  
11	33614.64  	1349.58   	16925.00  	15340.07  
12	33595.89  	1376.47   	17046.31  	15173.11  
13	33611.52  	1353.46   	16661.84  	15596.23  
14	33592.60  	1390.53   	13389.10  	18812.97  
15	33598.49  	1401.09   	16504.62  	15692.77  
16	33598.47  	1379.24   	17546.16  	14673.07  
17	33577.09  	1349.87   	17181.01  	15046.21  
18	33576.21  	1385.90   	17250.70  	14939.61  
19	33575.59  	1393.76   	16636.10  	15545.73  
20	33593.91  	1364.40   	16799.71  	15429.80  
21	33573.66  	1402.85   	16284.52  	15886.29  
22	33590.08  	1365.23   	15990.51  	16234.35  
23	33557.05  	1390.91   	16144.09  	16022.05  
phase_id	 throughput
0	714.4836  	
SchedulerTimeBreakdownReport
thread_id	 explore_time	 next_time	 useful_time	 notify_time	 construct_time	 first_explore_time	 scheduler_switch
0	11807.48  	481.77    	3653.51   	147.96    	12064.45  	2285.17   	0.00      	
1	11978.77  	495.13    	3609.73   	142.45    	12034.86  	2282.37   	0.00      	
2	11715.28  	464.30    	3679.28   	145.59    	12064.33  	2278.23   	0.00      	
3	11178.03  	561.14    	3609.76   	139.73    	12573.71  	2256.37   	0.00      	
4	12105.03  	582.18    	3523.23   	144.00    	11934.77  	2281.92   	0.00      	
5	11499.79  	501.79    	3663.02   	148.09    	12207.34  	2262.84   	0.00      	
6	8971.54   	581.11    	3667.25   	137.55    	14645.57  	2243.24   	0.00      	
7	9054.64   	572.58    	3643.96   	134.73    	14630.16  	2237.06   	0.00      	
8	9724.75   	597.58    	3654.66   	133.20    	13940.81  	2235.47   	0.00      	
9	8862.61   	711.41    	3505.34   	154.75    	14999.78  	2228.34   	0.00      	
10	12039.81  	709.31    	3569.04   	132.77    	11934.56  	2263.10   	0.00      	
11	11423.28  	770.82    	3536.19   	130.27    	12399.22  	2260.57   	0.00      	
12	11451.75  	663.21    	3654.39   	141.19    	12282.52  	2259.78   	0.00      	
13	11135.83  	690.89    	3559.52   	141.18    	12649.71  	2251.90   	0.00      	
14	7955.24   	741.72    	3491.62   	128.71    	15980.23  	2293.40   	0.00      	
15	11021.22  	720.11    	3537.79   	117.10    	12805.76  	2250.75   	0.00      	
16	12089.63  	681.91    	3502.76   	116.76    	11981.85  	2280.88   	0.00      	
17	11566.51  	644.04    	3647.21   	112.56    	12171.79  	2266.83   	0.00      	
18	11695.32  	702.32    	3590.04   	117.50    	12135.01  	2271.34   	0.00      	
19	10984.52  	664.84    	3695.09   	105.96    	12672.12  	2263.34   	0.00      	
20	11207.71  	727.18    	3636.04   	100.93    	12485.94  	2241.79   	0.00      	
21	10625.41  	660.96    	3719.23   	106.35    	13010.75  	2257.30   	0.00      	
22	10375.72  	685.31    	3644.11   	108.39    	13354.75  	2250.43   	0.00      	
23	10506.13  	715.83    	3676.20   	107.17    	13201.98  	2274.98   	0.00      	
