Throughput: 743.886975182353
AverageTotalTimeBreakdownReport
thread_id	 total_time	 stream_process	 txn_process	 overheads
0	32253.13  	1426.62   	14997.52  	15828.99  
1	32258.49  	1393.21   	13980.32  	16884.96  
2	32258.34  	1397.68   	14956.22  	15904.44  
3	32265.84  	1436.88   	14678.56  	16150.40  
4	32265.42  	1405.89   	13997.14  	16862.38  
5	32259.33  	1381.50   	15193.29  	15684.54  
6	32260.38  	1411.96   	15414.54  	15433.87  
7	32259.92  	1432.67   	15453.27  	15373.98  
8	32265.25  	1456.96   	14186.58  	16621.71  
9	32257.18  	1448.24   	12257.62  	18551.32  
10	32256.44  	1427.06   	15434.10  	15395.28  
11	32254.23  	1416.83   	15410.66  	15426.75  
12	32252.80  	1460.99   	14992.37  	15799.44  
13	32249.48  	1385.00   	14407.04  	16457.44  
14	32239.78  	1425.55   	14467.67  	16346.55  
15	32240.69  	1449.30   	15292.48  	15498.90  
16	32239.55  	1527.81   	14835.37  	15876.37  
17	32238.31  	1380.65   	14707.33  	16150.32  
18	32236.19  	1368.27   	14478.56  	16389.36  
19	32233.53  	1383.45   	14618.20  	16231.88  
20	32233.45  	1385.19   	15384.60  	15463.65  
21	32232.33  	1478.72   	12347.14  	18406.47  
22	32227.96  	1404.86   	15339.05  	15484.05  
23	32226.75  	1393.26   	14853.53  	15979.96  
phase_id	 throughput
0	744.2200  	
SchedulerTimeBreakdownReport
thread_id	 explore_time	 next_time	 useful_time	 notify_time	 construct_time	 first_explore_time	 scheduler_switch
0	10207.80  	483.01    	3187.44   	261.53    	11857.38  	2178.75   	0.00      	
1	9199.48   	498.64    	3176.58   	257.18    	12834.19  	2153.82   	0.00      	
2	10187.95  	510.54    	3175.35   	250.96    	11804.69  	2177.64   	0.00      	
3	9922.63   	505.83    	3143.34   	282.58    	12085.79  	2165.67   	0.00      	
4	9268.35   	511.82    	3143.98   	270.93    	12824.43  	2141.90   	0.00      	
5	10242.18  	455.77    	3342.99   	316.98    	11722.27  	2187.74   	0.00      	
6	10485.34  	468.19    	3332.97   	320.76    	11596.22  	2197.95   	0.00      	
7	10564.64  	496.03    	3289.71   	324.30    	11429.43  	2188.56   	0.00      	
8	9351.58   	481.12    	3257.82   	327.16    	12617.40  	2150.93   	0.00      	
9	7420.45   	512.83    	3233.78   	330.93    	14516.87  	2212.86   	0.00      	
10	10627.56  	532.25    	3227.37   	299.34    	11428.93  	2213.83   	0.00      	
11	10606.79  	544.67    	3204.77   	313.34    	11475.76  	2184.64   	0.00      	
12	10161.70  	507.04    	3258.51   	296.56    	11799.44  	2155.62   	0.00      	
13	9579.39   	492.45    	3237.03   	314.54    	12406.41  	2137.72   	0.00      	
14	9680.62   	541.68    	3187.40   	310.99    	12348.68  	2158.20   	0.00      	
15	10474.02  	584.43    	3166.48   	290.10    	11539.98  	2173.51   	0.00      	
16	9987.33   	537.13    	3176.50   	278.74    	11981.38  	2177.69   	0.00      	
17	9835.81   	518.59    	3208.56   	281.89    	12181.00  	2176.15   	0.00      	
18	9665.35   	598.32    	3148.85   	273.34    	12389.98  	2169.86   	0.00      	
19	9773.20   	563.93    	3175.22   	290.78    	12271.43  	2168.26   	0.00      	
20	10604.13  	602.03    	3124.80   	283.83    	11545.68  	2189.87   	0.00      	
21	7593.90   	669.17    	3091.73   	234.18    	14415.09  	2144.37   	0.00      	
22	10613.36  	671.76    	3090.88   	233.10    	11567.10  	2176.47   	0.00      	
23	10110.55  	684.73    	3094.79   	212.24    	11986.38  	2159.87   	0.00      	
