Throughput: 540.9558982264666
AverageTotalTimeBreakdownReport
thread_id	 total_time	 stream_process	 txn_process	 overheads
0	44339.60  	1038.23   	24502.56  	18798.82  
1	44348.78  	1004.29   	24279.99  	19064.51  
2	44348.75  	1117.30   	23081.47  	20149.98  
3	44348.58  	996.94    	25739.58  	17612.07  
4	44347.93  	1072.78   	20556.85  	22718.31  
5	44348.59  	985.71    	18600.96  	24761.92  
6	44348.01  	1024.06   	18852.72  	24471.23  
7	44348.71  	1136.01   	14627.60  	28585.11  
8	44347.48  	1025.47   	25429.86  	17892.14  
9	44344.40  	995.17    	25685.88  	17663.35  
10	44355.15  	1001.13   	25486.61  	17867.40  
11	44353.79  	997.54    	24978.53  	18377.73  
12	44342.24  	1042.89   	23738.60  	19560.75  
13	44342.46  	965.16    	24890.06  	18487.24  
14	44351.12  	1001.85   	25379.59  	17969.69  
15	44338.66  	998.05    	22286.44  	21054.17  
16	44339.95  	1004.06   	25402.14  	17933.75  
17	44012.31  	964.96    	25451.62  	17595.73  
18	44328.87  	1016.95   	24070.22  	19241.70  
19	44328.64  	1007.56   	24734.23  	18586.85  
20	44325.85  	1012.46   	25393.12  	17920.28  
21	44324.54  	1024.71   	25735.82  	17564.01  
22	44332.52  	1006.84   	25573.57  	17752.10  
23	44330.56  	990.03    	25067.58  	18272.95  
phase_id	 throughput
0	541.4169  	
SchedulerTimeBreakdownReport
thread_id	 explore_time	 next_time	 useful_time	 notify_time	 construct_time	 first_explore_time	 scheduler_switch
0	18419.15  	500.83    	4245.50   	119.57    	15421.71  	2327.02   	0.00      	
1	18284.15  	605.68    	4156.41   	112.47    	15920.15  	2323.38   	0.00      	
2	17078.83  	630.04    	4175.94   	115.06    	17026.14  	2312.52   	0.00      	
3	19810.90  	595.82    	4072.75   	107.69    	14546.74  	2370.78   	0.00      	
4	14564.76  	767.74    	4145.03   	103.45    	19307.51  	2303.49   	0.00      	
5	12408.70  	688.08    	4325.49   	103.14    	21260.35  	2314.90   	0.00      	
6	12598.90  	608.07    	4402.20   	92.42     	21251.23  	2313.41   	0.00      	
7	8377.71   	676.24    	4397.42   	91.45     	25463.41  	2379.45   	0.00      	
8	19347.80  	804.81    	4204.25   	102.96    	14751.24  	2338.57   	0.00      	
9	19554.38  	726.86    	4297.90   	111.79    	14429.15  	2347.58   	0.00      	
10	19238.53  	617.45    	4394.75   	117.81    	14703.55  	2340.72   	0.00      	
11	18732.84  	660.20    	4377.69   	117.56    	14835.41  	2317.64   	0.00      	
12	17458.86  	649.59    	4422.15   	123.67    	16425.59  	2324.10   	0.00      	
13	18624.73  	641.31    	4394.69   	113.75    	14924.57  	2336.48   	0.00      	
14	19371.89  	861.31    	4146.83   	123.72    	14492.05  	2322.16   	0.00      	
15	16148.00  	817.09    	4282.08   	125.68    	17904.74  	2305.33   	0.00      	
16	19359.72  	835.71    	4180.74   	122.59    	14734.78  	2335.46   	0.00      	
17	19400.27  	888.61    	4178.19   	132.74    	14448.35  	2339.33   	0.00      	
18	18035.08  	831.14    	4169.87   	124.28    	16093.76  	2307.76   	0.00      	
19	18751.50  	881.22    	4158.66   	121.03    	15332.83  	2320.11   	0.00      	
20	19423.47  	882.80    	4113.15   	125.31    	14820.51  	2328.64   	0.00      	
21	19781.10  	865.91    	4094.76   	122.29    	14521.03  	2375.51   	0.00      	
22	19631.28  	894.48    	4096.96   	107.48    	14686.33  	2349.25   	0.00      	
23	19151.62  	911.79    	4045.24   	115.03    	15128.38  	2375.54   	0.00      	
