Throughput: 1137.047127612306
AverageTotalTimeBreakdownReport
thread_id	 total_time	 stream_process	 txn_process	 overheads
0	21048.83  	1200.95   	11457.78  	8390.10   
1	21092.30  	1206.37   	11511.45  	8374.48   
2	21059.46  	1211.14   	11619.91  	8228.41   
3	21091.86  	1218.66   	11579.76  	8293.44   
4	21062.19  	1203.82   	11699.81  	8158.57   
5	21092.24  	1225.45   	11689.29  	8177.50   
6	21077.67  	1195.71   	11596.97  	8284.99   
7	21086.56  	1195.87   	11548.23  	8342.47   
8	20944.35  	1053.61   	13338.22  	6552.51   
9	21018.52  	1071.40   	13389.69  	6557.43   
10	21017.96  	1062.64   	13413.11  	6542.22   
11	20934.44  	1063.09   	13104.56  	6766.79   
12	21014.49  	1107.16   	13094.12  	6813.22   
13	21006.55  	1051.39   	13233.22  	6721.93   
14	21030.96  	1050.13   	12972.73  	7008.10   
15	21002.77  	1066.06   	13350.89  	6585.81   
16	21005.43  	1092.72   	13177.60  	6735.11   
17	20925.22  	1038.10   	13193.40  	6693.72   
18	20900.63  	1048.20   	12660.46  	7191.97   
19	20989.88  	1082.54   	13153.55  	6753.79   
20	20984.23  	1074.13   	13357.16  	6552.94   
21	21006.95  	1000.97   	13178.40  	6827.58   
22	20980.26  	992.75    	12942.93  	7044.58   
23	20995.54  	1033.22   	12779.22  	7183.09   
phase_id	 throughput
0	1142.0278 	
SchedulerTimeBreakdownReport
thread_id	 explore_time	 next_time	 useful_time	 notify_time	 construct_time	 first_explore_time	 scheduler_switch
0	6384.43   	196.61    	3685.65   	711.26    	5879.94   	2015.41   	0.00      	
1	6499.91   	203.79    	3650.47   	694.46    	5804.57   	1956.64   	0.00      	
2	6601.10   	185.76    	3677.28   	690.18    	5715.25   	1954.91   	0.00      	
3	6571.31   	214.37    	3633.88   	704.65    	5775.18   	1952.85   	0.00      	
4	6701.38   	190.45    	3645.72   	691.63    	5651.07   	1961.23   	0.00      	
5	6651.67   	212.29    	3680.03   	711.13    	5649.69   	1958.50   	0.00      	
6	6533.79   	202.34    	3678.25   	703.60    	5735.66   	1956.68   	0.00      	
7	6473.53   	188.38    	3698.22   	705.68    	5802.03   	1959.46   	0.00      	
8	8533.94   	177.56    	3468.45   	656.93    	4626.36   	2005.16   	0.00      	
9	8493.46   	184.63    	3524.49   	651.43    	4593.02   	2016.52   	0.00      	
10	8575.40   	182.74    	3483.01   	685.36    	4620.45   	2017.87   	0.00      	
11	8272.29   	192.50    	3487.00   	661.28    	4644.55   	1979.63   	0.00      	
12	8243.80   	211.83    	3517.17   	658.30    	4660.77   	1960.35   	0.00      	
13	8395.69   	185.81    	3480.62   	681.74    	4661.91   	1981.07   	0.00      	
14	8043.15   	191.01    	3522.97   	665.98    	4769.55   	1973.45   	0.00      	
15	8513.63   	189.82    	3482.31   	665.56    	4604.85   	1993.60   	0.00      	
16	8326.49   	188.77    	3501.72   	673.84    	4620.95   	1981.64   	0.00      	
17	8323.24   	187.63    	3510.71   	661.69    	4652.86   	1993.20   	0.00      	
18	7807.00   	190.70    	3494.15   	677.51    	4940.15   	1972.67   	0.00      	
19	8330.51   	193.56    	3481.03   	670.09    	4662.35   	1988.70   	0.00      	
20	8557.36   	192.62    	3459.39   	663.42    	4611.39   	2011.98   	0.00      	
21	8216.76   	194.41    	3470.80   	670.19    	4711.72   	1978.20   	0.00      	
22	7955.17   	172.69    	3479.04   	588.53    	4848.78   	1972.16   	0.00      	
23	7825.36   	196.01    	3470.89   	622.83    	4935.27   	1973.19   	0.00      	
