Throughput: 138.7491255248942
AverageTotalTimeBreakdownReport
thread_id	 total_time	 stream_process	 txn_process	 overheads
0	172952.67 	13774.72  	158065.43 	1112.52   
1	172961.28 	13708.52  	158142.34 	1110.42   
2	172943.14 	13344.35  	158593.07 	1005.72   
3	172961.22 	14150.46  	157723.81 	1086.95   
4	172957.63 	13458.69  	158367.55 	1131.38   
5	172955.66 	13697.86  	158164.84 	1092.97   
6	172955.23 	13808.26  	157958.58 	1188.39   
7	172953.54 	13637.38  	158122.02 	1194.14   
8	172949.97 	13522.95  	158245.40 	1181.62   
9	172938.53 	13615.17  	158151.27 	1172.08   
10	172957.42 	13714.74  	158085.36 	1157.32   
11	172931.68 	13588.01  	158191.86 	1151.82   
12	172937.40 	13895.82  	157867.51 	1174.06   
13	172935.61 	13636.98  	158137.27 	1161.35   
14	172937.93 	13623.84  	158186.11 	1127.98   
15	172935.25 	13429.95  	158342.68 	1162.62   
16	172933.75 	13527.78  	158247.13 	1158.84   
17	172927.71 	13751.21  	157986.57 	1189.93   
18	172926.96 	13758.62  	158012.24 	1156.10   
19	172923.79 	13633.13  	158106.51 	1184.15   
20	172928.50 	13464.31  	158291.81 	1172.38   
21	172926.88 	13565.63  	158194.15 	1167.10   
22	172925.44 	13588.00  	158218.88 	1118.55   
23	172934.60 	13858.17  	157913.14 	1163.29   
phase_id	 throughput
0	228.0133  	
1	267.3907  	
2	400.5210  	
3	424.3786  	
4	327.7214  	
5	247.3331  	
6	177.2334  	
7	122.0924  	
8	121.0850  	
9	108.1038  	
10	62.2581   	
11	71.8106   	
12	81.4782   	
SchedulerTimeBreakdownReport
thread_id	 explore_time	 next_time	 useful_time	 notify_time	 construct_time	 first_explore_time	 scheduler_switch
0	94109.46  	526.94    	62582.20  	446.50    	9425.20   	19520.24  	0.06      	
1	82221.96  	658.67    	74533.45  	535.11    	9310.51   	21602.68  	0.08      	
2	77530.34  	1268.09   	80020.09  	531.49    	9022.64   	20436.87  	0.08      	
3	71777.55  	2471.97   	84363.74  	538.95    	9748.93   	20138.99  	0.07      	
4	108350.41 	8824.30   	48714.42  	496.32    	9081.83   	19179.01  	0.05      	
5	115615.36 	12952.69  	41029.20  	452.19    	9415.37   	17283.03  	0.07      	
6	120065.18 	13006.34  	36430.05  	437.75    	9483.97   	17412.21  	0.05      	
7	123924.59 	18045.57  	32961.12  	313.51    	9283.29   	17486.13  	0.05      	
8	126510.23 	15626.80  	30547.40  	306.32    	9113.74   	16508.38  	0.04      	
9	128115.02 	19240.64  	28658.19  	293.87    	9252.71   	15995.76  	0.05      	
10	129395.36 	16326.90  	27174.44  	293.31    	9401.02   	16946.10  	0.05      	
11	131031.76 	20093.68  	25946.70  	295.40    	9224.36   	16243.79  	0.05      	
12	131423.78 	15428.81  	24915.69  	282.26    	9569.97   	16561.28  	0.05      	
13	132650.40 	18924.04  	23957.49  	272.10    	9332.64   	16399.20  	0.07      	
14	133597.54 	13151.12  	23176.87  	268.74    	9310.31   	15672.93  	0.05      	
15	134570.79 	19741.66  	22407.46  	257.04    	9193.21   	15555.09  	0.05      	
16	135121.66 	11322.44  	21746.42  	255.01    	9241.85   	14901.05  	0.04      	
17	135252.71 	16307.66  	21253.31  	262.41    	9424.71   	15411.38  	0.05      	
18	135824.63 	6847.06   	20759.02  	252.26    	9429.24   	15116.31  	0.05      	
19	136517.87 	12984.73  	20226.08  	250.08    	9308.63   	15572.20  	0.04      	
20	137262.92 	5939.49   	19817.29  	241.68    	9085.25   	14396.03  	0.06      	
21	137240.36 	972.34    	19442.09  	238.01    	9304.77   	15395.36  	0.05      	
22	137603.78 	751.88    	19101.44  	237.36    	9337.81   	14864.64  	0.04      	
23	137789.65 	788.23    	18789.70  	209.17    	9495.35   	13850.13  	0.05      	
