Throughput: 52.056544011283634
AverageTotalTimeBreakdownReport
thread_id	 total_time	 stream_process	 txn_process	 overheads
0	76837.93  	166.96    	53546.06  	23124.90  
1	76839.00  	166.68    	53528.44  	23143.88  
2	76839.16  	165.43    	53529.14  	23144.59  
3	76839.27  	165.17    	53532.94  	23141.17  
phase_id	 throughput
0	75.0232   	
1	81.4674   	
2	83.1578   	
3	67.6578   	
4	70.0658   	
5	70.2054   	
6	68.1982   	
7	67.2936   	
8	66.4513   	
9	67.1426   	
10	67.0038   	
11	67.4888   	
12	66.3004   	
13	67.3720   	
14	67.2105   	
15	66.7409   	
16	68.2833   	
17	66.5463   	
18	68.3846   	
19	66.4947   	
20	66.6047   	
21	65.8853   	
22	65.5257   	
23	66.4967   	
24	66.5303   	
25	67.9396   	
26	68.5664   	
27	69.0921   	
28	69.0897   	
29	68.8531   	
30	66.2661   	
31	66.9349   	
32	66.9152   	
33	66.7273   	
34	65.8120   	
35	66.7820   	
36	60.1293   	
37	60.5408   	
38	60.5631   	
39	60.5881   	
40	60.8468   	
41	60.8116   	
42	39.4881   	
43	42.1787   	
44	41.7722   	
45	41.7694   	
46	41.7819   	
47	41.8890   	
48	37.9881   	
49	37.9140   	
50	37.9092   	
51	37.7851   	
52	38.0286   	
53	37.7684   	
54	34.1900   	
55	34.4590   	
56	34.8754   	
57	34.1378   	
58	33.9318   	
59	33.9848   	
60	39.3899   	
61	39.0926   	
62	39.1206   	
63	39.4405   	
64	38.0500   	
65	39.1279   	
66	45.9824   	
67	45.3846   	
68	45.7171   	
69	45.8691   	
70	45.4741   	
71	45.9100   	
72	54.9201   	
73	55.3969   	
74	55.7590   	
75	54.7424   	
76	55.6438   	
77	55.3094   	
TransactionBreakdownRatioReport
thread_id	 index_ratio	 useful_ratio	 sync_ratio	 lock_ratio
0	198.98    	20166.67  	31759.03  	15412.93  	
1	198.88    	20003.89  	31901.89  	15450.28  	
2	206.02    	19998.29  	31928.74  	15374.64  	
3	214.90    	20013.97  	31937.02  	15343.02  	
