Throughput: 245.632420485859
AverageTotalTimeBreakdownReport
thread_id	 total_time	 stream_process	 txn_process	 overheads
0	97660.03  	27404.04  	60669.91  	9586.08   
1	97660.12  	27401.98  	60730.18  	9527.96   
2	97659.73  	27414.96  	60648.85  	9595.92   
3	97659.73  	27411.54  	60679.40  	9568.79   
4	97659.30  	27431.80  	60599.56  	9627.94   
5	97659.74  	27410.27  	60593.98  	9655.49   
6	97659.53  	27469.01  	60533.47  	9657.06   
7	97659.30  	27442.06  	60536.35  	9680.89   
8	97661.27  	27445.72  	60563.90  	9651.65   
9	97660.69  	27378.03  	60645.22  	9637.44   
10	97660.15  	27448.06  	60558.10  	9653.98   
11	97658.05  	27473.36  	60559.80  	9624.90   
12	97654.21  	27437.68  	60912.86  	9303.67   
13	97653.19  	27442.22  	60930.22  	9280.75   
14	97649.35  	27430.92  	60937.60  	9280.83   
15	97648.13  	27437.96  	60934.94  	9275.23   
16	97637.76  	27442.59  	60938.25  	9256.92   
17	97636.56  	27456.31  	60938.85  	9241.39   
18	97635.11  	27436.55  	60938.32  	9260.24   
19	97632.41  	27436.57  	60577.17  	9618.67   
20	97630.97  	27439.99  	60582.98  	9608.00   
21	97623.60  	27437.73  	60931.65  	9254.22   
22	97622.96  	27433.47  	60905.36  	9284.13   
23	97621.10  	27349.17  	60964.70  	9307.24   
phase_id	 throughput
0	245.7796  	
SchedulerTimeBreakdownReport
thread_id	 explore_time	 next_time	 useful_time	 notify_time	 construct_time	 first_explore_time	 scheduler_switch
0	37194.75  	61.32     	21300.05  	754.50    	4907.05   	4892.23   	0.00      	
1	37411.78  	51.18     	21135.10  	714.80    	4873.65   	4964.65   	0.00      	
2	37360.91  	50.40     	21106.53  	707.30    	4874.19   	4906.82   	0.00      	
3	37354.81  	48.36     	21148.37  	720.70    	4872.15   	4914.16   	0.00      	
4	37146.38  	48.11     	21268.64  	728.21    	4868.32   	4921.19   	0.00      	
5	37293.26  	48.56     	21118.81  	711.96    	4844.03   	4937.21   	0.00      	
6	37233.48  	49.62     	21148.64  	721.11    	4858.56   	4966.47   	0.00      	
7	37098.65  	51.85     	21294.65  	716.64    	4868.04   	4927.11   	0.00      	
8	37297.83  	51.67     	21122.52  	709.54    	4853.57   	4916.16   	0.00      	
9	37154.77  	50.64     	21262.03  	715.53    	4846.92   	4925.39   	0.00      	
10	37253.84  	49.09     	21149.53  	723.80    	4848.63   	4950.69   	0.00      	
11	37266.32  	50.11     	21135.05  	713.36    	4851.36   	4942.52   	0.00      	
12	17799.43  	192.34    	40955.53  	167.31    	4887.25   	5621.88   	0.00      	
13	18277.11  	191.76    	40533.78  	169.08    	4822.97   	4696.21   	0.00      	
14	18289.27  	190.97    	40519.10  	174.39    	4837.85   	5574.72   	0.00      	
15	18230.86  	190.19    	40589.25  	170.02    	4838.93   	5262.37   	0.00      	
16	18166.11  	193.43    	40652.09  	191.01    	4779.20   	4650.87   	0.00      	
17	18250.56  	192.51    	40574.21  	164.46    	4797.81   	4856.09   	0.00      	
18	18141.14  	194.65    	40690.63  	175.22    	4780.27   	4702.92   	0.00      	
19	17578.99  	190.43    	40887.62  	171.96    	4835.95   	5261.30   	0.00      	
20	17782.79  	189.91    	40679.86  	163.85    	4916.41   	4337.00   	0.00      	
21	18295.65  	193.23    	40509.34  	159.72    	4825.60   	4631.90   	0.00      	
22	18160.68  	189.87    	40624.68  	171.45    	4812.96   	5531.81   	0.00      	
23	18259.43  	189.91    	40507.12  	171.18    	4795.65   	5073.25   	0.00      	
