Throughput: 232.57465992237377
AverageTotalTimeBreakdownReport
thread_id	 total_time	 stream_process	 txn_process	 overheads
0	103180.03 	21687.45  	71822.67  	9669.91   
1	103181.85 	21853.61  	71700.23  	9628.01   
2	103182.41 	21873.75  	71703.30  	9605.36   
3	103182.00 	21891.65  	71561.49  	9728.86   
4	103182.32 	21862.72  	71633.16  	9686.45   
5	103183.25 	21893.48  	71563.21  	9726.57   
6	103183.14 	21871.77  	71138.00  	10173.38  
7	103183.23 	21904.70  	71283.93  	9994.61   
8	103184.25 	21877.54  	71420.44  	9886.26   
9	103182.56 	21806.99  	71446.40  	9929.17   
10	103180.16 	21849.99  	71419.07  	9911.10   
11	103178.93 	21851.06  	71417.48  	9910.39   
12	103175.27 	21886.21  	71598.20  	9690.86   
13	103172.93 	21849.02  	71643.30  	9680.61   
14	103171.29 	21906.31  	71596.42  	9668.56   
15	103168.10 	21723.17  	71973.60  	9471.33   
16	103166.95 	21849.73  	71828.56  	9488.66   
17	103153.23 	21862.37  	71844.00  	9446.86   
18	103151.36 	21851.19  	71839.54  	9460.63   
19	103148.79 	21841.04  	71658.59  	9649.15   
20	103146.63 	21823.82  	72089.39  	9233.43   
21	103144.10 	21843.23  	72328.25  	8972.62   
22	103141.36 	21855.85  	72327.30  	8958.21   
23	103139.26 	21834.55  	72340.55  	8964.16   
phase_id	 throughput
0	232.6273  	
SchedulerTimeBreakdownReport
thread_id	 explore_time	 next_time	 useful_time	 notify_time	 construct_time	 first_explore_time	 scheduler_switch
0	27572.42  	606.49    	42801.36  	299.62    	5540.81   	6084.98   	0.00      	
1	27406.43  	414.19    	43006.50  	297.11    	5458.74   	6386.41   	0.00      	
2	27810.13  	297.83    	42632.39  	277.31    	5447.43   	8570.52   	0.00      	
3	27493.48  	260.16    	42843.46  	269.93    	5567.16   	9051.05   	0.00      	
4	27581.96  	264.55    	42798.45  	211.82    	5468.19   	7866.04   	0.00      	
5	27635.78  	719.21    	42707.86  	219.04    	5424.56   	6553.82   	0.00      	
6	27236.14  	582.01    	42647.19  	215.97    	5551.99   	8264.80   	0.00      	
7	27388.38  	468.47    	42669.85  	230.04    	5484.33   	8484.60   	0.00      	
8	27824.75  	336.48    	42323.27  	220.03    	5235.58   	5671.52   	0.00      	
9	27711.79  	259.13    	42390.51  	223.35    	5219.52   	8564.81   	0.00      	
10	27600.08  	257.38    	42563.51  	211.20    	5286.10   	7766.14   	0.00      	
11	27894.77  	253.73    	42249.91  	216.08    	5177.24   	8496.35   	0.00      	
12	29729.76  	202.51    	40641.27  	186.32    	5425.04   	8144.68   	0.00      	
13	29768.39  	201.99    	40597.46  	194.16    	5273.01   	7673.01   	0.00      	
14	29648.79  	203.04    	40728.66  	219.23    	5420.54   	8201.85   	0.00      	
15	29988.60  	199.46    	40589.05  	192.52    	5410.40   	8102.85   	0.00      	
16	29895.56  	198.18    	40670.43  	183.18    	5396.91   	5939.32   	0.00      	
17	29855.10  	200.76    	40699.49  	187.09    	5424.41   	7582.92   	0.00      	
18	29971.22  	201.21    	40586.45  	180.26    	5478.29   	7433.16   	0.00      	
19	29761.66  	203.11    	40607.56  	188.07    	5597.32   	8152.04   	0.00      	
20	30189.60  	201.29    	40605.57  	183.48    	5694.06   	8048.04   	0.00      	
21	30466.11  	203.56    	40577.07  	188.95    	5777.93   	7490.51   	0.00      	
22	30476.54  	200.10    	40568.79  	180.74    	5707.84   	4360.42   	0.00      	
23	30458.46  	208.33    	40594.36  	228.62    	5770.97   	7943.53   	0.00      	
