Throughput: 72.43939262220826
AverageTotalTimeBreakdownReport
thread_id	 total_time	 stream_process	 txn_process	 overheads
0	165647.12 	11243.25  	153970.04 	433.83    
1	165639.45 	12499.26  	152701.39 	438.80    
2	165647.98 	12396.71  	152869.66 	381.61    
3	165640.50 	12408.32  	152797.17 	435.00    
4	165639.93 	12338.52  	152909.90 	391.50    
5	165652.49 	12212.53  	153023.92 	416.03    
6	165652.92 	12584.91  	152594.83 	473.18    
7	165640.76 	11884.21  	153261.25 	495.30    
8	165646.36 	11825.27  	153319.20 	501.89    
9	165648.83 	11071.35  	154131.17 	446.32    
10	165639.93 	10428.62  	154729.54 	481.77    
11	165640.74 	10019.24  	155136.85 	484.65    
phase_id	 throughput
0	113.6294  	
1	147.0098  	
2	168.3681  	
3	171.1960  	
4	170.9528  	
5	164.7664  	
6	173.2537  	
7	160.0784  	
8	138.6086  	
9	139.7994  	
10	40.7964   	
11	115.6052  	
12	88.4654   	
13	87.1413   	
14	72.0221   	
15	76.5895   	
16	71.0273   	
17	68.1362   	
18	59.6457   	
19	58.5449   	
20	35.2997   	
21	32.5446   	
22	42.0349   	
23	43.2321   	
24	47.4992   	
25	48.3251   	
SchedulerTimeBreakdownReport
thread_id	 explore_time	 next_time	 useful_time	 notify_time	 construct_time	 first_explore_time	 scheduler_switch
0	86526.14  	1087.68   	66923.72  	597.97    	6175.95   	24959.72  	0.08      	
1	74938.32  	1782.79   	77267.54  	633.73    	6138.27   	25523.59  	0.10      	
2	109831.72 	11807.65  	42486.43  	462.05    	6074.40   	22282.83  	0.07      	
3	119034.94 	14741.67  	33233.39  	412.44    	6116.75   	21226.19  	0.05      	
4	123902.84 	16596.36  	28467.74  	359.72    	6081.04   	20430.23  	0.07      	
5	127005.67 	17404.82  	25506.49  	271.99    	5978.98   	19779.31  	0.06      	
6	128510.95 	16305.46  	23549.85  	266.71    	6314.79   	19942.86  	0.05      	
7	130856.39 	9709.72   	21885.12  	260.42    	6197.86   	19332.89  	0.06      	
8	132121.99 	3382.57   	20705.55  	242.90    	6231.62   	19343.82  	0.05      	
9	133890.70 	1587.35   	19745.14  	227.43    	6224.12   	18963.74  	0.07      	
10	135259.93 	1473.15   	18933.45  	226.22    	6223.68   	18963.06  	0.06      	
11	136368.41 	1035.69   	18249.64  	224.44    	6331.31   	19045.87  	0.04      	
