Throughput: 63.312180857920175
AverageTotalTimeBreakdownReport
thread_id	 total_time	 stream_process	 txn_process	 overheads
0	379068.78 	121.91    	221885.54 	157061.34 
1	379072.60 	134.51    	221818.94 	157119.15 
2	379071.75 	195.32    	221808.76 	157067.67 
3	379071.68 	145.82    	221802.56 	157123.30 
4	379058.83 	180.45    	221809.81 	157068.57 
5	379072.98 	134.96    	221810.70 	157127.33 
6	379073.32 	203.74    	221765.10 	157104.47 
7	379071.35 	162.54    	221754.13 	157154.68 
8	379073.74 	154.18    	221754.05 	157165.51 
9	379072.29 	161.14    	221756.78 	157154.37 
10	379071.02 	159.67    	221730.60 	157180.75 
11	379069.52 	135.85    	221778.15 	157155.51 
12	379068.16 	195.21    	221767.98 	157104.98 
13	379067.44 	164.12    	221720.60 	157182.72 
14	379066.66 	153.48    	221763.98 	157149.20 
15	379066.89 	185.67    	221805.92 	157075.31 
16	379064.68 	141.53    	221820.98 	157102.17 
17	379064.49 	139.79    	221778.05 	157146.65 
18	379064.27 	133.30    	221794.62 	157136.36 
19	379063.24 	149.36    	221768.17 	157145.71 
20	379059.53 	164.02    	221799.98 	157095.53 
21	379060.58 	156.05    	221778.68 	157125.86 
22	379060.87 	183.48    	221801.17 	157076.22 
23	379060.05 	148.86    	221769.89 	157141.29 
phase_id	 throughput
0	80.9004   	
1	80.6502   	
2	78.6876   	
3	77.3047   	
4	46.4336   	
5	121.5008  	
6	89.9192   	
7	54.9883   	
8	47.2675   	
9	43.5878   	
10	51.1213   	
11	59.9915   	
12	64.4262   	
TransactionBreakdownRatioReport
thread_id	 index_ratio	 useful_ratio	 sync_ratio	 lock_ratio
0	179.59    	20031.49  	200265.35 	18793.85  	
1	184.33    	20062.75  	200155.61 	18629.75  	
2	182.63    	20056.21  	200001.67 	18707.49  	
3	184.02    	20097.97  	200048.03 	18770.20  	
4	182.61    	20016.92  	200161.05 	18775.90  	
5	182.64    	20065.62  	200118.90 	18796.38  	
6	180.87    	20063.96  	200013.77 	18965.92  	
7	179.37    	20061.15  	199897.47 	18767.69  	
8	176.37    	20001.48  	200062.14 	18773.42  	
9	172.88    	19973.95  	200102.91 	18744.04  	
10	169.14    	20073.73  	199985.59 	18709.02  	
11	173.14    	20029.08  	200153.79 	18835.73  	
12	170.25    	20012.42  	200126.48 	18767.80  	
13	175.60    	20022.94  	199985.54 	18754.37  	
14	174.92    	19979.86  	200079.22 	18777.34  	
15	172.85    	19981.56  	200124.99 	18726.04  	
16	172.30    	20043.33  	200179.51 	18683.43  	
17	176.95    	20019.48  	200142.25 	18798.81  	
18	176.45    	20151.79  	200040.71 	18784.46  	
19	179.87    	20037.21  	200010.02 	18776.97  	
20	175.09    	20029.19  	200063.08 	18764.83  	
21	173.64    	20098.37  	200010.04 	18704.24  	
22	178.14    	20043.63  	200154.99 	18814.69  	
23	179.50    	20071.47  	199995.43 	18751.41  	
