Throughput: 21.40740157164545
AverageTotalTimeBreakdownReport
thread_id	 total_time	 stream_process	 txn_process	 overheads
0	186846.01 	9484.57   	177042.92 	318.52    
1	186854.52 	10015.98  	176517.46 	321.08    
2	186855.64 	9708.34   	176814.24 	333.05    
3	186855.52 	9235.51   	177292.54 	327.47    
phase_id	 throughput
0	29.5720   	
1	32.1093   	
2	33.2955   	
3	34.0463   	
4	30.1978   	
5	34.3330   	
6	29.7928   	
7	33.6401   	
8	29.0916   	
9	30.3290   	
10	33.9177   	
11	34.1712   	
12	33.8974   	
13	34.0232   	
14	34.3119   	
15	34.4777   	
16	34.4112   	
17	34.6048   	
18	35.0148   	
19	34.6627   	
20	12.4738   	
21	33.1141   	
22	33.0389   	
23	32.9458   	
24	30.5703   	
25	30.7989   	
26	34.3272   	
27	42.9989   	
28	34.7459   	
29	27.9653   	
30	20.9992   	
31	26.8847   	
32	35.2032   	
33	36.5673   	
34	35.1204   	
35	34.7732   	
36	31.7691   	
37	32.1804   	
38	31.9122   	
39	32.1975   	
40	32.2324   	
41	32.2559   	
42	22.8585   	
43	24.0592   	
44	23.8711   	
45	23.6464   	
46	23.6629   	
47	23.7631   	
48	21.9955   	
49	21.8990   	
50	21.7251   	
51	11.9361   	
52	19.5593   	
53	19.1216   	
54	19.1407   	
55	19.1189   	
56	18.1666   	
57	14.2810   	
58	14.3419   	
59	15.9770   	
60	12.4772   	
61	12.5061   	
62	12.7456   	
63	12.4941   	
64	12.4360   	
65	12.4933   	
66	13.5465   	
67	13.5139   	
68	13.5949   	
69	13.5302   	
70	13.4799   	
71	13.5693   	
72	14.4735   	
73	14.5564   	
74	14.4981   	
75	12.9140   	
76	12.2079   	
77	14.5145   	
SchedulerTimeBreakdownReport
thread_id	 explore_time	 next_time	 useful_time	 notify_time	 construct_time	 first_explore_time	 scheduler_switch
0	112903.81 	1578.53   	63905.56  	590.17    	4935.18   	24875.72  	0.09      	
1	146694.28 	11603.93  	29570.87  	406.78    	4967.49   	19546.19  	0.12      	
2	154167.95 	4265.51   	22383.38  	315.68    	4895.06   	17578.76  	0.07      	
3	157775.29 	1484.59   	19263.90  	262.09    	4980.11   	16716.42  	0.09      	
